question,prediction,expected_output,score,cost
A raised-cosine filter has roll-off factor α = 0.25 and symbol rate R_s = 1 MHz. What is the absolute bandwidth B (in MHz)?,"To find the absolute bandwidth \( B \) of a raised-cosine filter, we use the formula:

\[
B = R_s (1 + \alpha)
\]

where:
- \( R_s \) is the symbol rate,
- \( \alpha \) is the roll-off factor.

Given:
- \( R_s = 1 \) MHz,
- \( \alpha = 0.25 \),

Substitute into the formula:

\[
B = 1 \times (1 + 0.25) = 1.25 \text{ MHz}
\]

✅ Final Answer: **1.25 MHz**",0.625,0.0,0.0049812
"A binary source emits symbols with probabilities P(0)=0.6, P(1)=0.4. Calculate the entropy per symbol (in bits).","To calculate the entropy per symbol for a binary source, we use the formula for Shannon entropy:

\[
H = -\sum_{i} p_i \log_2 p_i
\]

For a binary source with symbols 0 and 1:

- \( P(0) = 0.6 \)
- \( P(1) = 0.4 \)

So,

\[
H = -[P(0) \log_2 P(0) + P(1) \log_2 P(1)]
\]

Plug in the values:

\[
H = -[0.6 \log_2(0.6) + 0.4 \log_2(0.4)]
\]

Now compute each term:

- \( \log_2(0.6) = \frac{\ln(0.6)}{\ln(2)} \approx \frac{-0.5108}{0.6931} \approx -0.737 \)
- \( \log_2(0.4) = \frac{\ln(0.4)}{\ln(2)} \approx \frac{-0.9163}{0.6931} \approx -1.322 \)

Now plug into the equation:

\[
H = -[0.6 \times (-0.737) + 0.4 \times (-1.322)] \\
= -[-0.4422 - 0.5288] \\
= -[-0.971] \\
= 0.971 \text{ bits}
\]

✅ Final Answer: **0.971 bits per symbol**",0.971,1.0,0.008658599999999997
"In a QPSK system, the symbol rate is 2 MBaud. What is the bit rate (in Mbps)?","In QPSK (Quadrature Phase Shift Keying), each symbol represents **2 bits**.

Given:
- Symbol rate = 2 MBaud (Mega symbols per second)

Since each symbol carries 2 bits:

Bit rate = Symbol rate × bits per symbol  
Bit rate = 2 MBaud × 2 bits/symbol  
Bit rate = **4 Mbps**

✅ Answer: **4 Mbps**",4.0,0.5,0.00377845
A channel with bandwidth 10 kHz and SNR 15 dB. What is the Shannon capacity (in kbps)?,"To calculate the **Shannon capacity** of a channel, we use the Shannon-Hartley theorem:

\[
C = B \log_2(1 + \text{SNR})
\]

Where:
- \( C \) = channel capacity in bits per second (bps)
- \( B \) = bandwidth in Hz
- SNR = signal-to-noise ratio (linear, not in dB)

---

### Given:
- Bandwidth \( B = 10 \) kHz = \( 10,000 \) Hz
- SNR = 15 dB

First, convert SNR from dB to linear scale:

\[
\text{SNR}_{\text{linear}} = 10^{\frac{\text{SNR}_{\text{dB}}}{10}} = 10^{\frac{15}{10}} = 10^{1.5} = 31.623
\]

Now plug into the formula:

\[
C = 10,000 \times \log_2(31.623)
\]

We can compute \( \log_2(31.623) \):

\[
\log_2(31.623) = \frac{\log_{10}(31.623)}{\log_{10}(2)} \approx \frac{1.5}{0.3010} \approx 4.983
\]

So:

\[
C \approx 10,000 \times 4.983 = 49,830 \text{ bps} = 49.83 \text{ kbps}
\]

---

### ✅ Final Answer:
**49.83 kbps**",49.8,0.5,0.008891299999999998
"For BPSK in AWGN, if Eb/N0 = 7 dB, what is approximate bit error probability Pb?","For BPSK in AWGN, the bit error probability is given by:

**Pb = Q(√(2×Eb/N0))**

Where:
- Q(x) is the Q-function (tail probability of standard normal distribution)
- Eb/N0 is in linear scale

Given:  
Eb/N0 = 7 dB = 10^(7/10) ≈ 5.0119 (linear scale)

So:
Pb = Q(√(2 × 5.0119)) = Q(√10.0238) ≈ Q(3.166)

Using Q-function approximations or tables:
Q(3.166) ≈ **4.0 × 10⁻⁴**

Therefore, the approximate bit error probability is:

**Pb ≈ 4.0 × 10⁻⁴**  
(or 0.0004)",0.0085,0.0,0.011231649999999996
A PCM system samples a 4 kHz signal at 8 kHz and quantizes with 8 bits/sample. What is the output bit rate (in kbps)?,"To calculate the output bit rate of a PCM (Pulse Code Modulation) system, we use the formula:

\[
\text{Bit Rate} = f_s \times b
\]

Where:
- \( f_s \) = sampling frequency (in samples per second)
- \( b \) = number of bits per sample

Given:
- Sampling frequency \( f_s = 8 \) kHz = 8000 samples/second
- Bits per sample \( b = 8 \)

So,

\[
\text{Bit Rate} = 8000 \, \text{samples/sec} \times 8 \, \text{bits/sample} = 64,000 \, \text{bits/sec} = 64 \, \text{kbps}
\]

✅ Final Answer: **64 kbps**",64.0,0.5,0.011111199999999996
"If a signal has peak amplitude 5 V and is uniformly quantized into 32 levels, what is the step size Δ (in V)?","To find the step size Δ for a uniformly quantized signal, we use the formula:

\[
\Delta = \frac{V_{\text{peak}} - V_{\text{min}}}{L}
\]

Where:
- \( V_{\text{peak}} \) is the peak amplitude (5 V),
- \( V_{\text{min}} \) is the minimum amplitude,
- \( L \) is the number of quantization levels (32).

For a **uniform quantizer**, if the signal ranges from \(-V_{\text{peak}}\) to \(+V_{\text{peak}}\), the total range is:

\[
\text{Total range} = 2 \times V_{\text{peak}} = 2 \times 5 = 10 \, \text{V}
\]

With 32 levels, the step size is:

\[
\Delta = \frac{10}{32} = 0.3125 \, \text{V}
\]

✅ Final Answer:  
**Δ = 0.3125 V**",0.15625,0.3,0.011966199999999993
An FM signal has modulation index β = 4 and modulating frequency f_m = 1 kHz. What is the frequency deviation Δf (in kHz)?,"To find the frequency deviation Δf for an FM signal, we use the definition of the modulation index β:

\[
\beta = \frac{\Delta f}{f_m}
\]

Given:
- β = 4
- f_m = 1 kHz

Rearranging the formula to solve for Δf:

\[
\Delta f = \beta \times f_m = 4 \times 1\ \text{kHz} = 4\ \text{kHz}
\]

✅ Final Answer: **4 kHz**",4.0,0.5,0.01302334999999999
"For a rectangular pulse p(t) of duration T and amplitude A, what is its energy E?","The energy \( E \) of a rectangular pulse \( p(t) \) of duration \( T \) and amplitude \( A \) is calculated by integrating the square of the signal over all time:

\[
E = \int_{-\infty}^{\infty} |p(t)|^2 \, dt
\]

For a rectangular pulse defined as:

\[
p(t) = 
\begin{cases}
A, & 0 \leq t \leq T \\
0, & \text{otherwise}
\end{cases}
\]

the energy becomes:

\[
E = \int_0^T |A|^2 \, dt = A^2 \int_0^T dt = A^2 \cdot T
\]

**Answer:**  
\[
E = A^2 T
\]",2.0,1.0,0.012260949999999991
"In a matched filter receiver for BPSK, if the bit duration is T_b = 1 μs, what is the optimal sampling instant (relative to start of symbol)?","For a matched filter receiver in BPSK, the optimal sampling instant is at the **end of the symbol interval**.

Given:
- Bit duration \( T_b = 1 \, \mu\text{s} \)

The optimal sampling instant is:

\[
t = T_b = 1 \, \mu\text{s}
\]

**Explanation:**
- A matched filter maximizes the signal-to-noise ratio (SNR) at the sampling instant.
- For a rectangular pulse shape (common in BPSK), the matched filter output peaks exactly at the end of the symbol duration.
- Sampling at \( t = T_b \) ensures maximum SNR and avoids intersymbol interference (ISI), assuming perfect synchronization.

✅ Answer: **1 μs**",1e-06,1.0,0.01235794999999999
A DSB-SC signal has carrier frequency 1 MHz and is modulated by a 5 kHz sinusoid. What is the bandwidth of the modulated signal (in kHz)?,"In Double Sideband Suppressed Carrier (DSB-SC) modulation:

- The modulated signal contains two sidebands: the upper sideband (USB) and the lower sideband (LSB).
- The bandwidth of the DSB-SC signal is **twice** the frequency of the modulating signal.

Given:
- Carrier frequency = 1 MHz (not needed for bandwidth calculation)
- Modulating signal frequency = 5 kHz

Therefore, the bandwidth is:

\[
\text{Bandwidth} = 2 \times f_m = 2 \times 5\ \text{kHz} = 10\ \text{kHz}
\]

✅ Answer: **10 kHz**",10.0,0.5,0.012054849999999992
"In a binary symmetric channel (BSC) with crossover probability ε = 0.01, what is the channel capacity (in bits per channel use)?","The channel capacity \( C \) of a Binary Symmetric Channel (BSC) with crossover probability \( \varepsilon \) is given by:

\[
C = 1 - H(\varepsilon)
\]

where \( H(\varepsilon) \) is the binary entropy function:

\[
H(\varepsilon) = -\varepsilon \log_2 \varepsilon - (1 - \varepsilon) \log_2 (1 - \varepsilon)
\]

Given \( \varepsilon = 0.01 \), we compute:

\[
H(0.01) = -0.01 \log_2(0.01) - 0.99 \log_2(0.99)
\]

First, compute the logarithms:

- \( \log_2(0.01) = \frac{\ln(0.01)}{\ln(2)} = \frac{-4.60517}{0.693147} \approx -6.644 \)
- \( \log_2(0.99) = \frac{\ln(0.99)}{\ln(2)} \approx \frac{-0.01005}{0.693147} \approx -0.0145 \)

Now plug in:

\[
H(0.01) \approx -0.01(-6.644) - 0.99(-0.0145) \\
= 0.06644 + 0.014355 \\
\approx 0.080795
\]

Then the capacity is:

\[
C = 1 - 0.080795 = 0.919205 \text{ bits per channel use}
\]

✅ Final Answer:
\[
\boxed{0.919} \text{ bits per channel use}
\]",0.919,1.0,0.015616149999999992
What is the Nyquist sampling rate for a signal bandlimited to 12 kHz?,"The Nyquist sampling rate is the minimum sampling rate required to accurately reconstruct a signal without aliasing, and it is defined as **twice the highest frequency** present in the signal.

For a signal bandlimited to 12 kHz:

\[
f_{\text{Nyquist}} = 2 \times 12\ \text{kHz} = 24\ \text{kHz}
\]

✅ So, the Nyquist sampling rate is **24 kHz**.",24000.0,1.0,0.04432229999999998
"For 16-QAM with symbol rate 1 MBaud, what is the bit rate (in Mbps)?","For 16-QAM (Quadrature Amplitude Modulation), each symbol represents **4 bits** because:

\[
\log_2(16) = 4
\]

Given:
- Symbol rate = 1 MBaud (i.e., 1 million symbols per second)

The bit rate is calculated as:

\[
\text{Bit rate} = \text{Symbol rate} \times \text{bits per symbol}
\]
\[
= 1 \, \text{MBaud} \times 4 \, \text{bits/symbol}
\]
\[
= 4 \, \text{Mbps}
\]

✅ Answer: **4 Mbps**",4.0,0.5,0.04451654999999998
"A noise has one-sided PSD N_0 = 10^{-10} W/Hz. Over a bandwidth of 100 kHz, what is the total noise power (in mW)?","To calculate the total noise power in a given bandwidth for a noise with a one-sided power spectral density (PSD), we use the formula:

\[
P_{\text{noise}} = N_0 \times B
\]

Where:
- \( N_0 = 10^{-10} \) W/Hz (one-sided PSD)
- \( B = 100 \, \text{kHz} = 100 \times 10^3 \, \text{Hz} \)

Now plug in the values:

\[
P_{\text{noise}} = 10^{-10} \, \text{W/Hz} \times 10^5 \, \text{Hz} = 10^{-5} \, \text{W}
\]

Convert to milliwatts (mW):

\[
10^{-5} \, \text{W} = 10^{-5} \times 10^3 \, \text{mW} = 10^{-2} \, \text{mW} = 0.01 \, \text{mW}
\]

✅ Final Answer: **0.01 mW**",0.01,0.5,0.04626429999999999
"In a Rayleigh fading channel, if the average SNR is 10 dB, what is the probability that the instantaneous SNR falls below 0 dB? (Use exponential distribution)","To find the probability that the instantaneous SNR falls below 0 dB in a Rayleigh fading channel, we can use the fact that:

- In a Rayleigh fading channel, the instantaneous SNR (γ) follows an **exponential distribution**.
- The probability density function (PDF) of γ is:
  
  \[
  f_\gamma(\gamma) = \frac{1}{\bar{\gamma}} e^{-\gamma / \bar{\gamma}}, \quad \gamma \geq 0
  \]

  where \(\bar{\gamma}\) is the **average SNR**.

- The cumulative distribution function (CDF) of γ is:
  
  \[
  F_\gamma(\gamma) = 1 - e^{-\gamma / \bar{\gamma}}
  \]

---

### Given:
- Average SNR \(\bar{\gamma} = 10\) dB  
- Convert to linear scale:  
  \[
  \bar{\gamma}_{\text{linear}} = 10^{10/10} = 10^1 = 10
  \]
- We want \(P(\gamma < 0 \text{ dB})\), i.e., \(P(\gamma < 1)\), since 0 dB corresponds to a linear value of 1.

So:

\[
P(\gamma < 1) = F_\gamma(1) = 1 - e^{-1 / 10} = 1 - e^{-0.1}
\]

Now compute:

\[
e^{-0.1} \approx 0.904837
\]

\[
P(\gamma < 1) = 1 - 0.904837 = 0.095163
\]

---

### ✅ Final Answer:
\[
\boxed{0.0952}
\]

So, there is approximately a **9.52%** chance that the instantaneous SNR falls below 0 dB.",0.0952,0.0,0.04795274999999999
"For a (7,4) Hamming code, what is the code rate?","The code rate \( R \) of a block code is defined as:

\[
R = \frac{k}{n}
\]

where:
- \( n \) is the total length of the codeword,
- \( k \) is the number of information bits.

For a (7,4) Hamming code:
- \( n = 7 \) (codeword length),
- \( k = 4 \) (number of data bits).

So the code rate is:

\[
R = \frac{4}{7}
\]

**Answer:** \( \frac{4}{7} \) or approximately 0.571.",0.571,1.0,0.04601384999999999
An AM signal has modulation index m = 0.8 and carrier power P_c = 100 W. What is the total power (in W)?,"For an AM (Amplitude Modulation) signal, the total power \( P_{\text{total}} \) is given by:

\[
P_{\text{total}} = P_c \left(1 + \frac{m^2}{2}\right)
\]

Where:
- \( P_c \) = carrier power = 100 W
- \( m \) = modulation index = 0.8

Substitute the values:

\[
P_{\text{total}} = 100 \left(1 + \frac{0.8^2}{2}\right) = 100 \left(1 + \frac{0.64}{2}\right) = 100 \left(1 + 0.32\right) = 100 \times 1.32 = 132 \, \text{W}
\]

✅ **Answer: 132 W**",132.0,1.0,0.01278444999999999
"If the bandwidth efficiency of a system is 3 bps/Hz and bandwidth is 5 MHz, what is the maximum data rate (in Mbps)?","To calculate the maximum data rate, use the formula:

\[
\text{Data Rate} = \text{Bandwidth Efficiency} \times \text{Bandwidth}
\]

Given:
- Bandwidth Efficiency = 3 bps/Hz
- Bandwidth = 5 MHz = 5 × 10⁶ Hz

Now plug in the values:

\[
\text{Data Rate} = 3 \, \text{bps/Hz} \times 5 \times 10^6 \, \text{Hz} = 15 \times 10^6 \, \text{bps}
\]

Convert to Mbps (1 Mbps = 10⁶ bps):

\[
\text{Data Rate} = \frac{15 \times 10^6}{10^6} = 15 \, \text{Mbps}
\]

✅ **Answer: 15 Mbps**",15.0,0.0,0.04666634999999998
"For a raised-cosine filter with α = 0.5, what is the absolute bandwidth if the symbol period T_s = 1 ms?","To find the absolute bandwidth of a raised-cosine filter, we use the formula:

\[
B = \frac{1 + \alpha}{2T_s}
\]

Given:
- Roll-off factor \( \alpha = 0.5 \)
- Symbol period \( T_s = 1 \, \text{ms} = 0.001 \, \text{s} \)

Substitute into the formula:

\[
B = \frac{1 + 0.5}{2 \times 0.001} = \frac{1.5}{0.002} = 750 \, \text{Hz}
\]

✅ Final Answer: **750 Hz**",750.0,1.0,0.046106399999999985
"A binary source emits independent symbols with P(0)=0.7, P(1)=0.3. What is the entropy (in bits per symbol)?","To calculate the **entropy** of a binary source, we use the formula:

\[
H = -\sum_{i} p_i \log_2 p_i
\]

For a binary source with:
- \( P(0) = 0.7 \)
- \( P(1) = 0.3 \)

The entropy is:

\[
H = -[P(0) \log_2 P(0) + P(1) \log_2 P(1)]
\]

Plug in the values:

\[
H = -[0.7 \log_2(0.7) + 0.3 \log_2(0.3)]
\]

Now compute each term:

- \( \log_2(0.7) = \frac{\ln(0.7)}{\ln(2)} \approx \frac{-0.3567}{0.6931} \approx -0.5146 \)
- \( \log_2(0.3) = \frac{\ln(0.3)}{\ln(2)} \approx \frac{-1.2040}{0.6931} \approx -1.737 \)

Now compute:

\[
H = -[0.7 \times (-0.5146) + 0.3 \times (-1.737)]
= -[-0.3602 - 0.5211]
= -[-0.8813]
= 0.8813 \text{ bits per symbol}
\]

✅ Final Answer: **0.88 bits per symbol** (rounded to 2 decimal places)",0.881,0.0,0.04946049999999999
"In a PCM system, if the signal-to-quantization-noise ratio (SQNR) is 40 dB, how many bits per sample are used (assuming uniform quantization)?","To find the number of bits per sample in a PCM system given the Signal-to-Quantization-Noise Ratio (SQNR), we use the formula for uniform quantization:

\[
\text{SQNR (dB)} = 6.02 \times n + 1.76
\]

Where:
- \( n \) is the number of bits per sample,
- The constant 6.02 dB/bit comes from the theoretical SQNR improvement per bit in uniform quantization,
- The 1.76 dB accounts for the signal power relative to the quantization noise (assuming a full-scale sine wave).

Given:
\[
\text{SQNR} = 40 \, \text{dB}
\]

Substitute into the equation:
\[
40 = 6.02n + 1.76
\]

Solve for \( n \):
\[
40 - 1.76 = 6.02n \\
38.24 = 6.02n \\
n = \frac{38.24}{6.02} \\
n \approx 6.35
\]

Since the number of bits must be an integer, and we typically round **up** to ensure the required SQNR is met (as rounding down would result in lower SQNR), we round up to the next whole number.

Thus:
\[
n = 7
\]

✅ Final Answer: **7 bits per sample**.",7.0,1.0,0.05246764999999998
"For coherent FSK with Eb/N0 = 9 dB, what is approximate bit error rate Pb?","For coherent Frequency Shift Keying (FSK) with energy per bit to noise power spectral density ratio \( E_b/N_0 = 9 \) dB, the approximate bit error rate \( P_b \) can be calculated using the standard formula for coherent FSK:

\[
P_b = \frac{1}{2} \text{erfc}\left( \sqrt{\frac{E_b}{N_0}} \right)
\]

First, convert \( E_b/N_0 \) from decibels to a linear scale:

\[
\frac{E_b}{N_0} = 10^{9/10} = 10^{0.9} \approx 7.943
\]

Now plug into the formula:

\[
P_b = \frac{1}{2} \text{erfc}(\sqrt{7.943}) = \frac{1}{2} \text{erfc}(2.818)
\]

From standard erfc tables or calculator:
\[
\text{erfc}(2.818) \approx 0.00025
\]

So:
\[
P_b \approx \frac{1}{2} \times 0.00025 = 0.000125
\]

Therefore, the approximate bit error rate is:

\[
\boxed{1.25 \times 10^{-4}}
\]

This is a typical value for coherent FSK at 9 dB \( E_b/N_0 \).",0.0034,0.0,0.04902874999999999
What is the bandwidth of an FM signal with Δf = 25 kHz and f_m = 5 kHz using Carson's rule?,"To calculate the bandwidth of an FM signal using **Carson's rule**, we use the formula:

\[
B \approx 2(\Delta f + f_m)
\]

Where:
- \( \Delta f \) = frequency deviation = 25 kHz  
- \( f_m \) = highest modulating frequency = 5 kHz  

Plugging in the values:

\[
B \approx 2(25\ \text{kHz} + 5\ \text{kHz}) = 2(30\ \text{kHz}) = 60\ \text{kHz}
\]

✅ **Answer:** The bandwidth of the FM signal is **60 kHz**.",60000.0,1.0,0.045930999999999986
"In a digital communication system, if the symbol error rate is 10^-5 and Gray coding is used for 16-QAM, what is approximate bit error rate?","For 16-QAM with Gray coding, the relationship between symbol error rate (SER) and bit error rate (BER) is approximately:

\[
\text{BER} \approx \frac{\text{SER}}{\log_2(M)}
\]

where \( M = 16 \) for 16-QAM, so \( \log_2(16) = 4 \).

Given:
- SER = \( 10^{-5} \)

Then:

\[
\text{BER} \approx \frac{10^{-5}}{4} = 2.5 \times 10^{-6}
\]

✅ **Answer:** Approximately \( 2.5 \times 10^{-6} \)",2.4999999999999998e-06,0.0,0.046359499999999984
"For a rectangular pulse of width T and amplitude A, what is its first null bandwidth (in Hz)?","The first null bandwidth of a rectangular pulse is the frequency at which the Fourier transform of the pulse first goes to zero.

For a rectangular pulse of width \( T \) and amplitude \( A \), its Fourier transform is:

\[
X(f) = A T \cdot \text{sinc}(fT)
\]

where \( \text{sinc}(x) = \frac{\sin(\pi x)}{\pi x} \).

The first null (i.e., the first zero crossing) of the sinc function occurs when:
\[
fT = 1 \quad \Rightarrow \quad f = \frac{1}{T}
\]

Therefore, the **first null bandwidth** is:

\[
\boxed{\frac{1}{T}} \text{ Hz}
\]

This is the bandwidth from 0 Hz to the first null — often used as a measure of the effective bandwidth of the pulse.",1.0,0.0,0.047142849999999986
A channel has bandwidth 1 MHz and SNR 10 dB. What is the Shannon capacity (in Mbps)?,"To calculate the Shannon capacity, we use the Shannon-Hartley theorem:

\[
C = B \log_2(1 + \text{SNR})
\]

Where:
- \( C \) is the channel capacity in bits per second (bps),
- \( B \) is the bandwidth in Hz,
- SNR is the signal-to-noise ratio (linear, not in dB).

Given:
- Bandwidth \( B = 1 \, \text{MHz} = 10^6 \, \text{Hz} \)
- SNR = 10 dB

First, convert SNR from decibels to linear scale:

\[
\text{SNR}_{\text{linear}} = 10^{\frac{\text{SNR}_{\text{dB}}}{10}} = 10^{\frac{10}{10}} = 10^1 = 10
\]

Now plug into the formula:

\[
C = 10^6 \times \log_2(1 + 10) = 10^6 \times \log_2(11)
\]

Calculate \( \log_2(11) \):

\[
\log_2(11) = \frac{\log_{10}(11)}{\log_{10}(2)} \approx \frac{1.0414}{0.3010} \approx 3.46
\]

So:

\[
C \approx 10^6 \times 3.46 = 3.46 \times 10^6 \, \text{bps} = 3.46 \, \text{Mbps}
\]

✅ Final Answer: **3.46 Mbps**",3.46,0.5,0.050209349999999986
"In a BPSK system, if the bit rate is 10 Mbps, what is the null-to-null bandwidth (in MHz)?","In a Binary Phase Shift Keying (BPSK) system, the signal is typically represented as:

\[
s(t) = A \cdot b(t) \cdot \cos(2\pi f_c t)
\]

where:
- \( b(t) \) is the binary bit stream (±1),
- \( f_c \) is the carrier frequency,
- \( A \) is the amplitude.

The baseband representation of BPSK has a bandwidth equal to the bit rate because each bit corresponds to one symbol. When modulated to passband using cosine, the spectrum is shifted to ±\( f_c \), but the **width** of the signal remains the same as the baseband signal.

### Null-to-null bandwidth
The null-to-null bandwidth for a BPSK signal (assuming rectangular pulse shaping) is approximately:

\[
\text{Null-to-null bandwidth} = 2 \times \text{bit rate}
\]

This comes from the Fourier transform of a rectangular pulse: the first null occurs at \( f = \frac{1}{T_b} \), where \( T_b \) is the bit period. Since bit rate \( R_b = \frac{1}{T_b} \), the first null occurs at \( R_b \). So the total null-to-null bandwidth is from \(-R_b\) to \(+R_b\), hence:

\[
\text{Bandwidth} = 2R_b
\]

Given:
- Bit rate \( R_b = 10 \) Mbps

Then:

\[
\text{Null-to-null bandwidth} = 2 \times 10 = 20 \text{ MHz}
\]

✅ **Answer: 20 MHz**",20.0,0.5,0.05113509999999998
"For a zero-mean Gaussian noise with variance σ^2 = 0.01, what is the probability that the noise voltage exceeds 0.2 V?","We are given:

- Zero-mean Gaussian noise: \( X \sim \mathcal{N}(0, \sigma^2) \)
- Variance: \( \sigma^2 = 0.01 \Rightarrow \sigma = \sqrt{0.01} = 0.1 \)
- We want: \( P(X > 0.2) \)

---

### Step 1: Standardize the variable
Convert to standard normal variable \( Z \sim \mathcal{N}(0,1) \):

\[
P(X > 0.2) = P\left( \frac{X - 0}{\sigma} > \frac{0.2}{0.1} \right) = P(Z > 2)
\]

---

### Step 2: Use standard normal table or calculator

From standard normal distribution tables or using a calculator:

\[
P(Z > 2) = 1 - \Phi(2) \approx 1 - 0.9772 = 0.0228
\]

---

### ✅ Final Answer:
\[
\boxed{0.0228}
\]

So, there's approximately a **2.28%** chance that the noise voltage exceeds 0.2 V.",0.0228,0.0,0.04811679999999999
"A (15,11) Hamming code has minimum distance d_min equal to?","A (15,11) Hamming code is a type of linear error-correcting code. 

For any Hamming code with parameters (n, k), where:
- n = 2^r - 1 (length of the codeword)
- k = 2^r - r - 1 (number of data bits)
- r = number of parity bits

In this case:
- n = 15 → So 2^r - 1 = 15 → 2^r = 16 → r = 4
- k = 11 → Confirms that 2^4 - 4 - 1 = 16 - 4 - 1 = 11 ✅

The minimum distance d_min of a Hamming code is always **3**.

This is because:
- Hamming codes are designed to detect up to 2 errors or correct 1 error.
- A minimum distance of 3 allows detection of up to 2 errors and correction of 1 error.

✅ Therefore, the minimum distance d_min of a (15,11) Hamming code is:

**3**",3.0,1.0,0.04882869999999999
"If the sampling frequency is 8 kHz, what is the maximum analog frequency that can be represented without aliasing (in kHz)?","According to the **Nyquist-Shannon sampling theorem**, to avoid aliasing, the sampling frequency must be at least twice the maximum analog frequency present in the signal.

Given:
- Sampling frequency \( f_s = 8 \) kHz

The maximum analog frequency \( f_{\text{max}} \) that can be represented without aliasing is:

\[
f_{\text{max}} = \frac{f_s}{2} = \frac{8\ \text{kHz}}{2} = 4\ \text{kHz}
\]

✅ Answer: **4 kHz**",4.0,0.5,0.047217149999999986
"For a binary symmetric channel with ε=0.1, what is the mutual information if input symbols are equally likely?","For a binary symmetric channel (BSC) with crossover probability ε = 0.1, and equally likely input symbols (i.e., P(X=0) = P(X=1) = 0.5), the mutual information I(X;Y) is given by:

I(X;Y) = 1 - H(ε)

where H(ε) is the binary entropy function:

H(ε) = -ε log₂(ε) - (1-ε) log₂(1-ε)

Plugging in ε = 0.1:

H(0.1) = -0.1 × log₂(0.1) - 0.9 × log₂(0.9)

Calculate each term:
- log₂(0.1) ≈ -3.3219
- log₂(0.9) ≈ -0.1520

So:
H(0.1) = -0.1 × (-3.3219) - 0.9 × (-0.1520)
       = 0.33219 + 0.1368
       ≈ 0.46899 bits

Therefore:
I(X;Y) = 1 - 0.46899 = 0.53101 bits

✅ Final Answer: **Approximately 0.531 bits**",0.531,1.0,0.04868214999999999
"In QPSK, if the symbol energy E_s = 1 μJ, what is the bit energy E_b (in μJ)?","In QPSK (Quadrature Phase Shift Keying), each symbol carries 2 bits of information.

Given:
- Symbol energy \( E_s = 1 \, \mu\text{J} \)

Since each symbol represents 2 bits:
\[
E_b = \frac{E_s}{\log_2(M)}
\]
where \( M = 4 \) for QPSK (4 phases).

So,
\[
E_b = \frac{E_s}{2} = \frac{1 \, \mu\text{J}}{2} = 0.5 \, \mu\text{J}
\]

✅ Answer: **0.5 μJ**",0.5,1.0,0.04730599999999999
"For a raised-cosine filter with α=0.3 and symbol rate 10 kBaud, what is the absolute bandwidth (in kHz)?","To calculate the absolute bandwidth of a raised-cosine filter, we use the formula:

\[
B = \frac{R_s}{2} (1 + \alpha)
\]

Where:
- \( B \) is the absolute bandwidth (in Hz),
- \( R_s \) is the symbol rate (in symbols per second),
- \( \alpha \) is the roll-off factor.

Given:
- \( R_s = 10 \, \text{kBaud} = 10,000 \, \text{symbols/second} \),
- \( \alpha = 0.3 \).

Plug in the values:

\[
B = \frac{10,000}{2} (1 + 0.3) = 5,000 \times 1.3 = 6,500 \, \text{Hz}
\]

Convert to kHz:

\[
B = 6.5 \, \text{kHz}
\]

✅ Final Answer: **6.5 kHz**",6.5,0.5,0.04916149999999999
An FM signal has β=2 and f_m=2 kHz. How many significant sidebands are present according to Carson's rule?,"To determine the number of significant sidebands in an FM signal using **Carson's rule**, we follow these steps:

### Given:
- Modulation index: β = 2  
- Modulating frequency: fₘ = 2 kHz

### Carson’s Rule:
Carson’s rule provides an approximate bandwidth for an FM signal:
\[
B \approx 2(\beta + 1)f_m
\]

But more importantly, **for determining the number of significant sidebands**, we use the rule that the significant sidebands are those with amplitudes greater than about 1% of the carrier amplitude — this corresponds to sideband pairs up to order \( n \approx \beta \).

However, a more precise and commonly used rule is:

> **The number of significant sidebands on each side of the carrier is approximately equal to the integer part of β + 1.**

So, for β = 2:

\[
\text{Number of significant sidebands per side} \approx \lfloor \beta \rfloor + 1 = 2 + 1 = 3
\]

Thus, there are **3 significant sidebands on each side of the carrier**.

### Total significant sidebands:
- Left: 3
- Right: 3  
→ Total = 6 sidebands (excluding the carrier)

But sometimes the question asks for ""how many significant sidebands are present"" — meaning total sideband components (not counting the carrier), which would be 6.

Alternatively, if the question means how many sidebands per side (i.e., the range of sidebands), it might expect 3 per side.

### Final Answer:
✅ **6 significant sidebands** (3 on each side of the carrier) — this is the most common interpretation when asked how many significant sidebands are present.

**Answer: 6**",5.0,0.0,0.05153899999999998
"In a digital system, the bit error rate is 10^-6. If the bit rate is 1 Mbps, how many errors per second occur on average?","To calculate the average number of errors per second:

Given:
- Bit Error Rate (BER) = 10⁻⁶
- Bit Rate = 1 Mbps = 1,000,000 bits per second

The number of errors per second is:

\[
\text{Errors per second} = \text{BER} \times \text{Bit Rate}
\]

\[
= 10^{-6} \times 10^6 \, \text{bits/second}
\]

\[
= 1 \, \text{error per second}
\]

✅ So, on average, **1 error occurs per second**.",1.0,1.0,0.04769724999999999
"For a uniform quantizer with 8 bits, what is the SQNR (in dB) for a full-scale sinusoidal input?","For a uniform quantizer with 8 bits and a full-scale sinusoidal input, the Signal-to-Quantization Noise Ratio (SQNR) can be calculated using the standard formula for a sinusoidal signal:

\[
\text{SQNR (dB)} = 6.02 \times b + 1.76
\]

Where:
- \( b \) is the number of bits (here, \( b = 8 \))

So plugging in:

\[
\text{SQNR} = 6.02 \times 8 + 1.76 = 48.16 + 1.76 = 49.92 \, \text{dB}
\]

✅ Therefore, the SQNR for an 8-bit uniform quantizer with a full-scale sinusoidal input is approximately **49.92 dB**.

This result assumes:
- The signal is uniformly distributed or full-scale sinusoidal,
- The quantizer is mid-riser or mid-tread type (standard for such calculations),
- No overloading (i.e., the signal does not exceed the full-scale range).",49.8,1.0,0.05168174999999998
"If a signal has bandwidth 20 kHz and is sampled at 50 kHz, what is the maximum frequency that can be reconstructed (in kHz)?","To determine the maximum frequency that can be reconstructed, we need to apply the **Nyquist-Shannon sampling theorem**.

### Key Concepts:
- The Nyquist rate is **twice the highest frequency component** of the signal.
- To avoid aliasing and reconstruct the signal perfectly, the sampling rate must be **greater than or equal to twice the bandwidth** of the signal.

### Given:
- Signal bandwidth = 20 kHz → This means the highest frequency component is 20 kHz.
- Sampling rate = 50 kHz.

### Check if sampling satisfies Nyquist criterion:
- Nyquist rate = 2 × 20 kHz = 40 kHz
- Sampling rate (50 kHz) > 40 kHz → ✔️ So, no aliasing occurs; signal can be perfectly reconstructed.

### Maximum reconstructable frequency:
This is the **Nyquist frequency**, which is half the sampling rate:

\[
f_{\text{max}} = \frac{\text{Sampling rate}}{2} = \frac{50\ \text{kHz}}{2} = 25\ \text{kHz}
\]

So, even though the signal only goes up to 20 kHz, the **maximum frequency that can be reconstructed** from the sampled signal is limited by the sampling rate — specifically, it's the Nyquist frequency.

✅ **Answer: 25 kHz**",20.0,0.0,0.05130924999999998
"For BPSK, if the required Eb/N0 for BER=10^-5 is 9.6 dB, what is the corresponding linear SNR γ?","To find the corresponding linear SNR (γ) from the given Eb/N₀ for BPSK, we need to relate Eb/N₀ to the SNR γ in a baseband system.

For BPSK in an additive white Gaussian noise (AWGN) channel:

\[
\text{SNR} = \gamma = \frac{E_b}{N_0} \cdot R_b
\]

Wait — actually, in many contexts (especially when discussing bit error rate formulas), the **SNR per symbol** is often denoted as γ, and for BPSK, one symbol carries one bit, so:

\[
\gamma = \frac{E_b}{N_0}
\]

That is, for BPSK, since each symbol = 1 bit, the energy per bit \( E_b \) equals the energy per symbol \( E_s \), and thus:
\[
\gamma = \frac{E_b}{N_0}
\]

So if the required \( \frac{E_b}{N_0} = 9.6 \, \text{dB} \), then converting this to linear scale:

\[
\frac{E_b}{N_0} = 10^{9.6/10} = 10^{0.96} \approx 9.12
\]

Therefore, the corresponding linear SNR \( \gamma = \frac{E_b}{N_0} \approx 9.12 \)

✅ Final Answer:  
**γ ≈ 9.12 (linear)**",9.12,1.0,0.05203989999999998
"A source emits 4 symbols with probabilities 0.5, 0.25, 0.125, 0.125. What is the entropy (in bits per symbol)?","To calculate the **entropy** of a discrete source, we use the formula:

\[
H = -\sum_{i=1}^{n} p_i \log_2 p_i
\]

Given the probabilities:
- \( p_1 = 0.5 \)
- \( p_2 = 0.25 \)
- \( p_3 = 0.125 \)
- \( p_4 = 0.125 \)

Now compute each term:

1. For \( p_1 = 0.5 \):
   \[
   -0.5 \log_2(0.5) = -0.5 \times (-1) = 0.5
   \]

2. For \( p_2 = 0.25 \):
   \[
   -0.25 \log_2(0.25) = -0.25 \times (-2) = 0.5
   \]

3. For \( p_3 = 0.125 \):
   \[
   -0.125 \log_2(0.125) = -0.125 \times (-3) = 0.375
   \]

4. For \( p_4 = 0.125 \):
   \[
   -0.125 \log_2(0.125) = -0.125 \times (-3) = 0.375
   \]

Now sum them up:

\[
H = 0.5 + 0.5 + 0.375 + 0.375 = 1.75 \text{ bits per symbol}
\]

✅ Final Answer: **1.75 bits per symbol**",1.75,1.0,0.05270299999999998
"In a DSB-SC system, if the modulation efficiency is 100%, what is the power in sidebands relative to total power?","In a DSB-SC (Double Sideband Suppressed Carrier) system, if the modulation efficiency is 100%, it means that **all the transmitted power is contained in the sidebands**, and there is no power in the carrier.

### Modulation Efficiency:
Modulation efficiency is defined as:

\[
\text{Efficiency} = \frac{\text{Power in sidebands}}{\text{Total power}} \times 100\%
\]

Given:
- Modulation efficiency = 100%

This implies:

\[
\frac{\text{Power in sidebands}}{\text{Total power}} = 1
\]

### Therefore:
- **Power in sidebands = Total power**
- **Power in carrier = 0** (since it's suppressed)

✅ So, the power in the sidebands relative to the total power is:

**100%** or **1 (as a ratio)**.",100.0,0.0,0.05050604999999998
"For a binary channel with error probability 0.01, if 1000 bits are transmitted, what is the expected number of errors?","For a binary channel with error probability \( p = 0.01 \), and if \( n = 1000 \) bits are transmitted, the number of errors follows a **binomial distribution**:

\[
X \sim \text{Binomial}(n=1000, p=0.01)
\]

The **expected number of errors** is given by the formula for the mean of a binomial distribution:

\[
\mathbb{E}[X] = n \cdot p
\]

Substitute the values:

\[
\mathbb{E}[X] = 1000 \cdot 0.01 = 10
\]

✅ So, the expected number of errors is **10**.",10.0,1.0,0.050307299999999985
A signal has amplitude 2 V and is contaminated by AWGN with variance 0.01 V^2. What is the SNR (linear)?,"The Signal-to-Noise Ratio (SNR) in linear terms is defined as:

\[
\text{SNR} = \frac{\text{Power of the signal}}{\text{Power of the noise}}
\]

Given:
- Signal amplitude = 2 V
- Noise is Additive White Gaussian Noise (AWGN) with variance = 0.01 V²

Step 1: Compute the power of the signal  
For a deterministic signal with amplitude \( A \), the average power is:

\[
P_{\text{signal}} = \frac{A^2}{2}
\]

If it's a sinusoidal signal (common assumption unless specified otherwise), then yes, the power is \( \frac{A^2}{2} \).  
But if the signal is just a constant (DC) amplitude, then power is \( A^2 \).

Since the problem doesn't specify waveform, but in many contexts ""amplitude"" implies a sinusoid, we assume a sine wave.

So:
\[
P_{\text{signal}} = \frac{(2)^2}{2} = \frac{4}{2} = 2 \text{ W} \quad (\text{or } \text{V}^2)
\]

Step 2: Power of noise  
For AWGN, the variance is equal to the noise power:
\[
P_{\text{noise}} = 0.01 \text{ V}^2
\]

Step 3: Compute SNR (linear)
\[
\text{SNR} = \frac{2}{0.01} = 200
\]

✅ Final Answer:  
**SNR (linear) = 200**",400.0,0.3,0.05307894999999998
"In a QPSK system, if the symbol duration is 1 μs, what is the bit duration (in μs)?","In a QPSK (Quadrature Phase Shift Keying) system:

- Each symbol represents **2 bits** (since QPSK has 4 constellation points: 00, 01, 10, 11).
- The symbol duration is given as **1 μs**.

Therefore, the bit duration is:

\[
\text{Bit duration} = \frac{\text{Symbol duration}}{\text{Bits per symbol}} = \frac{1\ \mu s}{2} = 0.5\ \mu s
\]

✅ Answer: **0.5 μs**",0.5,0.5,0.04924064999999999
"For a zero-mean Gaussian process with PSD N0/2 = 10^{-9} W/Hz, what is the RMS voltage (in V) over 1 kΩ resistor?","We are given:

- Power Spectral Density (PSD) of a zero-mean Gaussian process:  
  \[
  \frac{N_0}{2} = 10^{-9} \, \text{W/Hz}
  \]
- Resistor value: \( R = 1\, \text{k}\Omega = 1000\, \Omega \)

We are to find the **RMS voltage** across this resistor.

---

### Step 1: Understand the relationship between PSD and RMS voltage

For a wide-sense stationary random process with power spectral density \( S_{XX}(f) \), the total power in a resistor is:

\[
P = \int_{-\infty}^{\infty} S_{XX}(f) \, df
\]

In this case, the noise is white (flat PSD), so the total power over all frequencies is:

\[
P = \frac{N_0}{2} \cdot B
\]

But if no bandwidth is specified, we can assume the process is ""white"" over all frequencies — but that leads to infinite power! So the question must imply that the PSD is given as \( \frac{N_0}{2} = 10^{-9} \, \text{W/Hz} \), and we are to compute the **RMS voltage for a resistor**, which means we must relate power to voltage.

Alternatively, the more direct interpretation is that the PSD \( \frac{N_0}{2} = 10^{-9} \, \text{W/Hz} \) is the noise power spectral density, and we want the RMS voltage across a resistor due to this noise — typically, we need to know bandwidth, but since it's not given, perhaps the problem assumes the PSD is the total power per Hz, and asks for the RMS voltage in terms of the resistor only — but that does not make sense unless we have bandwidth.

Wait — actually, let’s look again at the units:

- \( \frac{N_0}{2} = 10^{-9} \, \text{W/Hz} \)
- This is standard for additive white Gaussian noise (AWGN).

The RMS voltage \( V_{\text{rms}} \) across a resistor \( R \) due to noise with PSD \( \frac{N_0}{2} \) is related to the total noise power by:

\[
P = \frac{V_{\text{rms}}^2}{R}
\]

So,
\[
V_{\text{rms}} = \sqrt{P \cdot R}
\]

But we need to know the total noise power \( P \). If no bandwidth is given, how do we proceed?

Ah! The key insight: the problem likely intends for us to interpret the PSD directly as the noise power spectral density, and it might be asking for the RMS voltage in a 1 Hz bandwidth — or perhaps it's a trick where they give \( N_0/2 = 10^{-9} \), and ask for RMS voltage over a 1 kΩ resistor.

Let’s try both interpretations:

---

### Interpretation 1: Assume bandwidth = 1 Hz (standard practice when no bandwidth is given)

If we assume a 1 Hz bandwidth, then:

\[
P = \frac{N_0}{2} \times 1 = 10^{-9} \, \text{W}
\]

Then,

\[
V_{\text{rms}} = \sqrt{P \cdot R} = \sqrt{10^{-9} \cdot 1000} = \sqrt{10^{-6}} = 10^{-3} \, \text{V} = 1 \, \text{mV}
\]

✅ That’s a clean answer.

---

### Why is this reasonable?

In many contexts, especially in communications, when you’re asked for RMS voltage from a given noise PSD without bandwidth, it’s implied that you consider a 1 Hz bandwidth — because \( \frac{N_0}{2} \) is defined per Hz.

So:

- Noise power in 1 Hz: \( P = 10^{-9} \) W
- RMS voltage: \( V_{\text{rms}} = \sqrt{P R} = \sqrt{10^{-9} \cdot 10^3} = \sqrt{10^{-6}} = 10^{-3} \, \text{V} \)

---

### ✅ Final Answer:
\[
\boxed{1} \, \text{mV} \quad \text{or} \quad \boxed{0.001} \, \text{V}
\]",0.001,1.0,0.03134415
"A (n,k) block code has code rate 0.8. If k=16, what is n?","We are given:

- Code rate = 0.8  
- k = 16  
- The code is an (n, k) block code

The **code rate** of a block code is defined as:

\[
R = \frac{k}{n}
\]

Given \( R = 0.8 \) and \( k = 16 \), substitute into the formula:

\[
0.8 = \frac{16}{n}
\]

Now solve for \( n \):

\[
n = \frac{16}{0.8} = 20
\]

✅ Final Answer: **n = 20**",20.0,1.0,0.01310719999999999
"For a sinusoidal modulating signal, what is the modulation index of AM if the modulation depth is 80%?","The modulation index of an AM (Amplitude Modulation) signal is numerically equal to the modulation depth expressed as a decimal.

Given:
- Modulation depth = 80% = 0.80

Therefore, the **modulation index** is:

**0.80**

This means the amplitude of the carrier wave varies by 80% of its unmodulated level in response to the modulating signal.",0.8,0.0,0.01295534999999999
"In a PCM system, if the sampling frequency is 8 kHz and each sample is quantized into 256 levels, what is the bit rate (in kbps)?","To calculate the bit rate in a PCM (Pulse Code Modulation) system, we use the formula:

\[
\text{Bit Rate} = \text{Sampling Frequency} \times \text{Bits per Sample}
\]

### Given:
- Sampling frequency = 8 kHz = 8000 samples/second
- Number of quantization levels = 256

### Step 1: Determine bits per sample
Since each sample is quantized into 256 levels, and 256 = 2⁸, we need **8 bits per sample**.

### Step 2: Calculate bit rate
\[
\text{Bit Rate} = 8000 \, \text{samples/sec} \times 8 \, \text{bits/sample} = 64,000 \, \text{bits/sec}
\]

### Final Answer:
\[
64 \, \text{kbps}
\]",64.0,0.5,0.015919849999999992
"For a binary symmetric channel, if the error probability is 0.1, what is the channel capacity (in bits per use)?","For a binary symmetric channel (BSC) with error probability \( p \), the channel capacity \( C \) is given by:

\[
C = 1 - H(p)
\]

where \( H(p) \) is the binary entropy function:

\[
H(p) = -p \log_2 p - (1 - p) \log_2 (1 - p)
\]

Given \( p = 0.1 \), we compute:

\[
H(0.1) = -0.1 \log_2(0.1) - 0.9 \log_2(0.9)
\]

First, calculate the logarithms:

- \( \log_2(0.1) = \frac{\log_{10}(0.1)}{\log_{10}(2)} = \frac{-1}{0.3010} \approx -3.3219 \)
- \( \log_2(0.9) = \frac{\log_{10}(0.9)}{\log_{10}(2)} \approx \frac{-0.0458}{0.3010} \approx -0.1521 \)

Now plug in:

\[
H(0.1) \approx -0.1(-3.3219) - 0.9(-0.1521) = 0.33219 + 0.13689 = 0.46908
\]

Then the capacity is:

\[
C = 1 - H(0.1) \approx 1 - 0.46908 = 0.53092 \text{ bits per use}
\]

✅ Final Answer:
**0.531 bits per use** (rounded to three decimal places).",0.531,1.0,0.018589699999999997
What is the bandwidth of an SSB signal if the modulating signal has bandwidth 5 kHz?,"The bandwidth of a Single Sideband (SSB) signal is equal to the bandwidth of the modulating (baseband) signal.

Given:
- Modulating signal bandwidth = 5 kHz

Therefore,  
**Bandwidth of the SSB signal = 5 kHz**

✅ This is because SSB modulation transmits only one sideband (either upper or lower), eliminating the redundant information present in both sidebands and the carrier of AM. Hence, the required bandwidth is exactly the same as that of the original message signal.",5000.0,1.0,0.014348649999999992
"For a rectangular pulse of width T, what is the 3-dB bandwidth (in Hz)?","The 3-dB bandwidth of a rectangular pulse of width \( T \) (in seconds) is the frequency at which the magnitude of the Fourier transform of the pulse drops to \( \frac{1}{\sqrt{2}} \) (or -3 dB) of its peak value.

### Step-by-step:

The Fourier transform of a rectangular pulse of duration \( T \) and amplitude \( A \) is:

\[
X(f) = A T \cdot \text{sinc}(fT)
\]

where:
- \( \text{sinc}(x) = \frac{\sin(\pi x)}{\pi x} \),
- The sinc function has its first zero at \( fT = 1 \), i.e., \( f = \frac{1}{T} \).

The **3-dB point** occurs when \( |\text{sinc}(fT)| = \frac{1}{\sqrt{2}} \).

Solve:
\[
\left| \frac{\sin(\pi f T)}{\pi f T} \right| = \frac{1}{\sqrt{2}}
\]

This equation doesn't have a closed-form solution, but it's well-known that the first root of this equation (i.e., the 3-dB point) occurs approximately at:

\[
f T \approx 0.4429
\]

So,
\[
f_{3\text{dB}} \approx \frac{0.4429}{T}
\]

### Final Answer:
\[
\boxed{\frac{0.443}{T}} \quad \text{(in Hz)}
\]

This is the **3-dB bandwidth** of a rectangular pulse of width \( T \).",0.44,0.0,0.016696499999999996
"If the bit rate is 2 Mbps and the modulation is BPSK, what is the symbol rate (in MBaud)?","For BPSK (Binary Phase Shift Keying), each symbol represents **1 bit**.

Therefore, the symbol rate (in MBaud) is equal to the bit rate (in Mbps).

Given:
- Bit rate = 2 Mbps

So, Symbol rate = **2 MBaud**

✅ Answer: **2 MBaud**",2.0,0.5,0.01371894999999999
A source emits symbols from an alphabet of size 8 with equal probability. What is the entropy per symbol (in bits)?,"The entropy per symbol for a source that emits symbols from an alphabet of size \( n \) with equal probability is given by:

\[
H = \log_2(n)
\]

Here, the alphabet size \( n = 8 \), and since all symbols are equally probable, each symbol has probability \( \frac{1}{8} \).

So,

\[
H = \log_2(8) = \log_2(2^3) = 3
\]

✅ Therefore, the entropy per symbol is **3 bits**.",3.0,1.0,0.015352549999999993
"In a digital system, the noise power is 10^{-10} W and signal power is 10^{-6} W. What is SNR in dB?","To calculate the Signal-to-Noise Ratio (SNR) in decibels (dB), we use the formula:

\[
\text{SNR (dB)} = 10 \log_{10} \left( \frac{\text{Signal Power}}{\text{Noise Power}} \right)
\]

Given:
- Signal Power = \( 10^{-6} \) W
- Noise Power = \( 10^{-10} \) W

Substitute into the formula:

\[
\text{SNR (dB)} = 10 \log_{10} \left( \frac{10^{-6}}{10^{-10}} \right)
= 10 \log_{10} \left( 10^{4} \right)
= 10 \times 4
= 40 \, \text{dB}
\]

✅ Final Answer: **40 dB**",40.0,1.0,0.016346799999999995
"For a matched filter, if the input signal energy is E and noise PSD is N0/2, what is the output SNR?","For a matched filter, the output Signal-to-Noise Ratio (SNR) is given by:

**Output SNR = 2E / N₀**

Where:
- **E** is the energy of the input signal
- **N₀** is the noise power spectral density (PSD)

This result assumes:
- The noise is additive white Gaussian noise (AWGN)
- The matched filter is optimally designed for the specific signal shape
- The signal energy E is defined as:  
  E = ∫ |s(t)|² dt over the signal duration

The factor of 2 comes from the fact that the noise PSD is given as N₀/2 (single-sided), so the total noise power in the matched filter's bandwidth is N₀/2 × B, where B is the bandwidth. For a matched filter, the bandwidth B is approximately 1/(2T) where T is the signal duration, but the optimal gain results in the 2E/N₀ expression.

This is the maximum possible SNR achievable with any linear filter for that signal in AWGN.",0.0,0.0,0.017773399999999995
"If the sampling rate is 10 kHz, what is the maximum frequency of the analog signal to avoid aliasing (in kHz)?","To avoid aliasing, the maximum frequency of the analog signal must be less than half the sampling rate. This is known as the **Nyquist criterion**.

Given:
- Sampling rate = 10 kHz

The maximum frequency to avoid aliasing is:
\[
f_{\text{max}} = \frac{\text{Sampling rate}}{2} = \frac{10\ \text{kHz}}{2} = 5\ \text{kHz}
\]

✅ Therefore, the maximum frequency of the analog signal to avoid aliasing is **5 kHz**.",5.0,0.5,0.016477899999999997
"A (7,4) linear block code has how many parity bits?","A (7,4) linear block code has:

- **n = 7** total bits in each codeword  
- **k = 4** information (data) bits  

The number of **parity bits** is given by:

\[
n - k = 7 - 4 = 3
\]

✅ So, the number of parity bits is **3**.",3.0,1.0,0.016108999999999995
"For an AM signal with m=0.5 and carrier amplitude 10 V, what is the sideband amplitude (in V)?","For an AM (Amplitude Modulated) signal, the sideband amplitudes are determined by the modulation index \( m \) and the carrier amplitude \( A_c \).

The formula for the amplitude of each sideband is:

\[
A_{\text{sideband}} = \frac{m \cdot A_c}{2}
\]

Given:
- Modulation index \( m = 0.5 \)
- Carrier amplitude \( A_c = 10 \, \text{V} \)

Substitute into the formula:

\[
A_{\text{sideband}} = \frac{0.5 \cdot 10}{2} = \frac{5}{2} = 2.5 \, \text{V}
\]

✅ Answer: **2.5 V**",2.5,1.0,0.017875399999999996
"In QPSK, if the symbol error rate is 10^-4 and Gray coding is used, what is approximate bit error rate?","For QPSK with Gray coding, the bit error rate (BER) is approximately half the symbol error rate (SER), because Gray coding ensures that adjacent symbols differ by only one bit.

Given:
- Symbol Error Rate (SER) = 10⁻⁴

With Gray coding in QPSK:
- BER ≈ SER / 2

Therefore:
- BER ≈ 10⁻⁴ / 2 = 5 × 10⁻⁵

✅ Approximate Bit Error Rate = **5 × 10⁻⁵**",5e-05,1.0,0.017195749999999996
"For a uniform quantizer with step size Δ = 0.1 V, what is the quantization noise power for a full-range sinusoidal input?","To find the quantization noise power for a uniform quantizer with step size Δ = 0.1 V, assuming a full-range sinusoidal input, we can use the standard result for quantization noise power in a uniform quantizer.

### Key Concept:
For a uniform quantizer with step size Δ, and when the input signal is uniformly distributed over the quantizer's range (which is approximately true for a full-range sinusoidal signal), the quantization noise is approximately uniformly distributed over the interval [−Δ/2, Δ/2].

The **quantization noise power** \( P_q \) is given by:

\[
P_q = \frac{\Delta^2}{12}
\]

This formula assumes the quantization error is uniformly distributed and uncorrelated with the input — which is a good approximation for band-limited signals like sine waves when the sampling rate is sufficiently high (Nyquist criterion).

### Given:
- Step size \( \Delta = 0.1 \) V

### Calculation:
\[
P_q = \frac{(0.1)^2}{12} = \frac{0.01}{12} = \frac{1}{1200} \approx 8.333 \times 10^{-4} \text{ W} \quad (\text{or V}^2)
\]

### Final Answer:
\[
\boxed{8.33 \times 10^{-4}} \text{ W} \quad \text{(or V}^2\text{)}
\]

This is the average quantization noise power.",0.000833,0.0,0.0208782
A channel has bandwidth 100 kHz and SNR 20 dB. What is the Shannon capacity (in Mbps)?,"To calculate the **Shannon capacity**, we use Shannon's formula:

\[
C = B \log_2(1 + \text{SNR})
\]

Where:
- \( C \) = channel capacity in bits per second (bps)
- \( B \) = bandwidth in Hz
- SNR = signal-to-noise ratio (linear, not in dB)

---

### Given:
- Bandwidth \( B = 100 \, \text{kHz} = 100,\!000 \, \text{Hz} \)
- SNR = 20 dB

First, convert SNR from dB to linear scale:

\[
\text{SNR}_{\text{linear}} = 10^{\frac{\text{SNR}_{\text{dB}}}{10}} = 10^{\frac{20}{10}} = 10^2 = 100
\]

Now plug into Shannon’s formula:

\[
C = 100,\!000 \times \log_2(1 + 100) = 100,\!000 \times \log_2(101)
\]

We need \( \log_2(101) \). Using change of base:

\[
\log_2(101) = \frac{\log_{10}(101)}{\log_{10}(2)} \approx \frac{2.0043}{0.3010} \approx 6.658
\]

So:

\[
C \approx 100,\!000 \times 6.658 = 665,\!800 \, \text{bps}
\]

Convert to Mbps:

\[
C \approx \frac{665,\!800}{1,\!000,\!000} = 0.6658 \, \text{Mbps}
\]

---

### ✅ Final Answer:
**Approximately 0.666 Mbps**",0.664,0.5,0.019772949999999997
"For BPSK, if the bit duration is 1 μs, what is the first null bandwidth (in MHz)?","For Binary Phase Shift Keying (BPSK), the first null bandwidth is determined by the bit rate and the spectral characteristics of the baseband signal.

Given:
- Bit duration \( T_b = 1 \, \mu\text{s} \)

The bit rate \( R_b \) is:

\[
R_b = \frac{1}{T_b} = \frac{1}{1 \times 10^{-6}} = 1 \, \text{Mbps}
\]

For a BPSK signal with rectangular pulse shaping, the first null of the power spectral density occurs at:

\[
f_{\text{null}} = \frac{1}{T_b} = R_b
\]

So, the first null bandwidth is:

\[
f_{\text{null}} = 1 \, \text{MHz}
\]

✅ **Answer: 1 MHz**",2.0,0.0,0.018702349999999996
"In a binary system, if the probability of bit error is 0.001, what is the probability that a 10-bit word has no error?","To find the probability that a 10-bit word has **no error**, given that the probability of a bit error is 0.001, we can proceed as follows:

### Step-by-step:

- Probability of **no error** for a single bit =  
  \( 1 - 0.001 = 0.999 \)

- Since each bit is independent, the probability that **all 10 bits are correct** is:  
  \( (0.999)^{10} \)

### Calculate:
\[
(0.999)^{10} \approx ?
\]

Using a calculator or approximation:

\[
(0.999)^{10} = e^{10 \cdot \ln(0.999)} \approx e^{10 \cdot (-0.0010005)} \approx e^{-0.010005} \approx 0.99005
\]

So, the probability that a 10-bit word has **no error** is approximately:

✅ **0.99005** or **99.005%**

This means there's about a **99% chance** that the entire 10-bit word is received without any errors.",0.99,0.0,0.019240999999999998
"A PCM system uses 12 bits per sample. If the sampling rate is 8 kHz, what is the data rate (in kbps)?","To calculate the data rate of a PCM (Pulse Code Modulation) system, we use the formula:

\[
\text{Data Rate} = \text{Sampling Rate} \times \text{Bits per Sample}
\]

Given:
- Sampling rate = 8 kHz = 8000 samples/second
- Bits per sample = 12 bits

Now plug in the values:

\[
\text{Data Rate} = 8000 \, \text{samples/sec} \times 12 \, \text{bits/sample} = 96,000 \, \text{bits/sec}
\]

Convert to kbps (kilobits per second):

\[
96,000 \, \text{bps} = 96 \, \text{kbps}
\]

✅ Final Answer: **96 kbps**",96.0,0.5,0.018899399999999997
"For a raised-cosine filter with α=0, what is the absolute bandwidth in terms of symbol rate R_s?","For a raised-cosine filter with roll-off factor α = 0:

- The filter becomes a **sinc-shaped** impulse response (ideal low-pass filter).
- The absolute bandwidth is equal to the **Nyquist bandwidth**.

The absolute bandwidth in terms of symbol rate \( R_s \) is:

\[
\text{Absolute Bandwidth} = \frac{R_s}{2}
\]

✅ So, for α = 0, the absolute bandwidth is **\( \frac{R_s}{2} \)**.",2.0,1.0,0.01825735
"If the modulation index of FM is 5 and modulating frequency is 1 kHz, what is the frequency deviation (in kHz)?","In Frequency Modulation (FM), the modulation index (β) is defined as:

\[
\beta = \frac{\Delta f}{f_m}
\]

Where:
- \( \Delta f \) = frequency deviation (in kHz or Hz)
- \( f_m \) = modulating frequency (in kHz or Hz)
- \( \beta \) = modulation index (dimensionless)

Given:
- \( \beta = 5 \)
- \( f_m = 1 \, \text{kHz} \)

Rearranging the formula to solve for \( \Delta f \):

\[
\Delta f = \beta \times f_m = 5 \times 1 \, \text{kHz} = 5 \, \text{kHz}
\]

✅ **Answer: 5 kHz**",5.0,0.5,0.019071499999999998
"In a digital communication system, the symbol rate is 1 MBaud and the bandwidth is 600 kHz. What is the spectral efficiency (in bps/Hz)?","To calculate the **spectral efficiency** in bits per second per hertz (bps/Hz), we use the formula:

\[
\text{Spectral Efficiency} = \frac{\text{Bit Rate}}{\text{Bandwidth}}
\]

But we are given the **symbol rate**, not the bit rate directly. To proceed, we need to know how many bits are carried per symbol — that is, the number of bits per symbol (often denoted as \( \log_2 M \) for an \( M \)-ary modulation scheme).

However, the problem doesn't specify the modulation scheme or the number of bits per symbol. In such cases, if no further information is provided, it's common to assume **binary modulation (M=2)**, meaning each symbol carries 1 bit. This is a standard assumption unless otherwise specified.

Given:
- Symbol rate = 1 MBaud = 1 × 10⁶ symbols/second
- Bandwidth = 600 kHz = 600 × 10³ Hz

Assuming **1 bit per symbol**:
- Bit Rate = Symbol Rate = 1 Mbps = 1 × 10⁶ bps

Now compute spectral efficiency:

\[
\text{Spectral Efficiency} = \frac{1 \times 10^6 \text{ bps}}{600 \times 10^3 \text{ Hz}} = \frac{1000}{600} = \frac{5}{3} \approx 1.67 \text{ bps/Hz}
\]

✅ Final Answer: **1.67 bps/Hz**",1.67,0.0,0.02244785
"For a Gaussian distribution with mean 0 and variance 4, what is the probability that the value is greater than 2?","We are given a Gaussian (normal) distribution with:

- Mean μ = 0  
- Variance σ² = 4 → Standard deviation σ = √4 = 2

We want to find the probability that a value X from this distribution is greater than 2:

P(X > 2)

### Step 1: Standardize using Z-score
Convert X = 2 to a standard normal variable Z:

\[
Z = \frac{X - \mu}{\sigma} = \frac{2 - 0}{2} = 1
\]

So, P(X > 2) = P(Z > 1)

### Step 2: Use standard normal table or calculator
From standard normal tables or using a calculator:

- P(Z ≤ 1) ≈ 0.8413  
- Therefore, P(Z > 1) = 1 − P(Z ≤ 1) = 1 − 0.8413 = 0.1587

### ✅ Final Answer:
**0.1587** (or about 15.87%)",0.1587,0.0,0.020279699999999998
"A binary source emits symbols with probabilities P(0)=0.4, P(1)=0.6. What is the entropy (in bits per symbol)?","To calculate the entropy \( H \) of a binary source, we use the formula:

\[
H = -\sum_{i} p_i \log_2 p_i
\]

For this binary source:
- \( P(0) = 0.4 \)
- \( P(1) = 0.6 \)

So the entropy is:

\[
H = -[P(0) \log_2 P(0) + P(1) \log_2 P(1)]
\]
\[
H = -[0.4 \log_2(0.4) + 0.6 \log_2(0.6)]
\]

Now compute each term:

- \( \log_2(0.4) = \frac{\log_{10}(0.4)}{\log_{10}(2)} \approx \frac{-0.39794}{0.30103} \approx -1.322 \)
- \( \log_2(0.6) = \frac{\log_{10}(0.6)}{\log_{10}(2)} \approx \frac{-0.22185}{0.30103} \approx -0.737 \)

Now plug in:

\[
H = -[0.4 \times (-1.322) + 0.6 \times (-0.737)]
\]
\[
H = -[-0.5288 - 0.4422] = -[-0.971] = 0.971
\]

✅ So, the entropy is approximately:

**0.971 bits per symbol**.",0.971,1.0,0.0226719
"In a QPSK system, if the bit energy is 1 μJ, what is the symbol energy (in μJ)?","In a QPSK (Quadrature Phase Shift Keying) system:

- Each symbol represents **2 bits**.
- The symbol energy \( E_s \) is the energy per symbol.
- The bit energy \( E_b \) is the energy per bit.

Given:
- \( E_b = 1 \, \mu\text{J} \)

Since each symbol carries 2 bits:
\[
E_s = 2 \times E_b = 2 \times 1 \, \mu\text{J} = 2 \, \mu\text{J}
\]

✅ **Answer:** **2 μJ**",2.0,1.0,0.019322549999999997
"For a (15,11) Hamming code, what is the code rate?","The code rate of a block code is defined as:

\[
R = \frac{k}{n}
\]

where:
- \( k \) is the number of information bits (message length),
- \( n \) is the total length of the codeword (including parity bits).

For a (15,11) Hamming code:
- \( n = 15 \)
- \( k = 11 \)

So, the code rate is:

\[
R = \frac{11}{15}
\]

This fraction is already in simplest form.

✅ Final Answer:  
**\( \frac{11}{15} \)** or approximately **0.733**",0.733,1.0,0.019412099999999998
"If the SNR at the input of a quantizer is 30 dB and the SQNR is 40 dB, what is the processing gain (in dB)?","The **processing gain** of a quantizer is the difference between the Signal-to-Quantization-Noise Ratio (SQNR) at the output and the Signal-to-Noise Ratio (SNR) at the input:

\[
\text{Processing Gain (dB)} = \text{SQNR (dB)} - \text{SNR (dB)}
\]

Given:
- Input SNR = 30 dB
- SQNR = 40 dB

So,

\[
\text{Processing Gain} = 40\ \text{dB} - 30\ \text{dB} = 10\ \text{dB}
\]

✅ **Answer: 10 dB**",10.0,1.0,0.019501849999999998
"For a sinusoidal modulating signal, what is the modulation index if the carrier amplitude is 10 V and the sideband amplitude is 3 V?","To find the modulation index (often denoted as \( m \)) for a sinusoidal modulating signal, we use the relationship between the carrier amplitude and the sideband amplitudes in amplitude modulation (AM).

For a standard AM wave:
- The carrier amplitude is \( A_c \)
- The sideband amplitudes (upper and lower) are each \( \frac{m A_c}{2} \)

Given:
- Carrier amplitude \( A_c = 10 \, \text{V} \)
- Sideband amplitude \( A_{\text{sb}} = 3 \, \text{V} \)

Using the formula for sideband amplitude:
\[
A_{\text{sb}} = \frac{m A_c}{2}
\]

Plug in the values:
\[
3 = \frac{m \times 10}{2}
\]

Solve for \( m \):
\[
3 = 5m \\
m = \frac{3}{5} = 0.6
\]

✅ The modulation index is **0.6** (or 60%).",0.6,0.0,0.0211148
"In a binary symmetric channel, if the crossover probability is 0.2, what is the channel capacity (in bits per use)?","The channel capacity \( C \) of a binary symmetric channel (BSC) with crossover probability \( p \) is given by the formula:

\[
C = 1 - H(p)
\]

where \( H(p) \) is the binary entropy function:

\[
H(p) = -p \log_2 p - (1 - p) \log_2 (1 - p)
\]

Given \( p = 0.2 \), we compute:

\[
H(0.2) = -0.2 \log_2 0.2 - 0.8 \log_2 0.8
\]

First, calculate the logarithms:

- \( \log_2 0.2 = \frac{\log_{10} 0.2}{\log_{10} 2} \approx \frac{-0.69897}{0.30103} \approx -2.3219 \)
- \( \log_2 0.8 = \frac{\log_{10} 0.8}{\log_{10} 2} \approx \frac{-0.09691}{0.30103} \approx -0.3219 \)

Now plug in:

\[
H(0.2) = -0.2(-2.3219) - 0.8(-0.3219) = 0.46438 + 0.25752 = 0.7219
\]

Then the capacity is:

\[
C = 1 - 0.7219 = 0.2781 \text{ bits per use}
\]

✅ Final Answer: **0.278 bits per use** (approximately).",0.278,1.0,0.02383565
A signal has bandwidth 10 kHz and is sampled at 30 kHz. What is the Nyquist rate (in kHz)?,"The **Nyquist rate** is the minimum sampling rate required to avoid aliasing, and it is defined as:

\[
f_{\text{Nyquist}} = 2 \times f_{\text{max}}
\]

where \( f_{\text{max}} \) is the highest frequency component in the signal.

Given:
- The signal has a **bandwidth of 10 kHz**, which typically means the highest frequency is 10 kHz (assuming the signal is baseband, i.e., from 0 to 10 kHz).
- The signal is sampled at 30 kHz — this is above the Nyquist rate, so no aliasing occurs.

So:

\[
f_{\text{Nyquist}} = 2 \times 10\ \text{kHz} = 20\ \text{kHz}
\]

✅ **Answer: 20 kHz**",20.0,0.5,0.02001405
"For BPSK, if the required Eb/N0 for BER=10^-4 is 8.4 dB, what is the linear γ?","To find the linear value of γ (the signal-to-noise ratio per bit, often denoted as \( \gamma_b \) or simply \( \gamma \)) for BPSK given:

- Required \( E_b/N_0 = 8.4 \, \text{dB} \)
- Target BER = \( 10^{-4} \)

We need to convert from decibels (dB) to a linear scale.

### Step 1: Convert dB to linear
The formula to convert dB to linear is:

\[
\gamma = 10^{(E_b/N_0 \, \text{in dB}) / 10}
\]

Substitute the given value:

\[
\gamma = 10^{8.4 / 10} = 10^{0.84}
\]

### Step 2: Calculate the value

Using a calculator:

\[
10^{0.84} \approx 6.918
\]

### ✅ Final Answer:
**Linear γ ≈ 6.92**

This is the required signal-to-noise ratio per bit (in linear scale) for BPSK to achieve a BER of \( 10^{-4} \).",6.92,0.0,0.052197849999999976
"In a PCM system, if the signal is quantized into 64 levels, how many bits per sample are needed?","In a PCM (Pulse Code Modulation) system, the number of bits per sample required to represent a given number of quantization levels is determined by the formula:

\[
\text{Number of bits} = \log_2(\text{Number of levels})
\]

Given that the signal is quantized into 64 levels:

\[
\text{Number of bits} = \log_2(64)
\]

Since \( 64 = 2^6 \), we have:

\[
\log_2(64) = 6
\]

✅ Therefore, **6 bits per sample** are needed.",6.0,1.0,0.05091909999999998
"For a rectangular pulse of duration T, what is the energy spectral density at f=0?","For a rectangular pulse of duration T, the energy spectral density (ESD) at f = 0 is:

**T**

### Explanation:

The rectangular pulse in time domain can be written as:
\[
x(t) = 
\begin{cases}
1, & |t| \leq T/2 \\
0, & \text{otherwise}
\end{cases}
\]

The Fourier transform of this pulse is:
\[
X(f) = T \cdot \text{sinc}(fT)
\]
where \(\text{sinc}(fT) = \frac{\sin(\pi f T)}{\pi f T}\)

The **energy spectral density** is given by:
\[
S_{xx}(f) = |X(f)|^2
\]

At \(f = 0\):
\[
X(0) = T \cdot \text{sinc}(0) = T \cdot 1 = T
\]
So,
\[
S_{xx}(0) = |X(0)|^2 = T^2
\]

✅ **Wait — correction!**  
Actually, if the amplitude of the rectangular pulse is 1 (as above), then its total energy is:
\[
E = \int_{-T/2}^{T/2} |x(t)|^2 dt = \int_{-T/2}^{T/2} 1^2 dt = T
\]

And by Parseval's theorem, the total energy is also:
\[
E = \int_{-\infty}^{\infty} |X(f)|^2 df
\]

But the question asks for the **energy spectral density at f = 0**, i.e., \(S_{xx}(0)\).

From above:
\[
X(0) = T \Rightarrow S_{xx}(0) = |X(0)|^2 = T^2
\]

However, note that sometimes the rectangular pulse is defined with unit energy, or with different normalization. But if the amplitude is 1 and duration T, the ESD at f=0 is indeed:

**Answer: \( T^2 \)**

✅ Final Answer: **\( T^2 \)**",A^2 T^2,1.0,0.05551909999999996
"In a digital system, if the bit rate is 10 Mbps and the modulation is 16-QAM, what is the symbol rate (in MBaud)?","To find the symbol rate (in MBaud) for a digital system with a bit rate of 10 Mbps using 16-QAM modulation, we use the relationship:

\[
\text{Symbol Rate} = \frac{\text{Bit Rate}}{\log_2(M)}
\]

Where:
- Bit Rate = 10 Mbps
- M = 16 (for 16-QAM)
- \(\log_2(16) = 4\)

So:

\[
\text{Symbol Rate} = \frac{10 \text{ Mbps}}{4} = 2.5 \text{ MSymbols/s} = 2.5 \text{ MBaud}
\]

✅ Answer: **2.5 MBaud**",2.5,0.5,0.054157699999999975
A source emits symbols from an alphabet of size 16 with equal probability. What is the entropy per symbol (in bits)?,"To calculate the **entropy per symbol** for a source that emits symbols from an alphabet of size 16 with equal probability, we use the formula for entropy:

\[
H = \log_2(n)
\]

where:
- \( n \) is the number of possible symbols (alphabet size),
- The logarithm is base 2 because entropy is measured in **bits**.

Here, \( n = 16 \), so:

\[
H = \log_2(16) = \log_2(2^4) = 4
\]

✅ Therefore, the entropy per symbol is **4 bits**.",4.0,1.0,0.05227874999999998
"For a matched filter, if the input SNR is -10 dB and the processing gain is 20 dB, what is the output SNR (in dB)?","To calculate the output SNR for a matched filter, we use the relationship:

\[
\text{Output SNR (dB)} = \text{Input SNR (dB)} + \text{Processing Gain (dB)}
\]

Given:
- Input SNR = -10 dB
- Processing Gain = 20 dB

So:

\[
\text{Output SNR} = -10 \, \text{dB} + 20 \, \text{dB} = 10 \, \text{dB}
\]

✅ **Answer: 10 dB**",10.0,1.0,0.053431999999999986
"In an AM system, if the modulation index is 1 and the carrier power is 100 W, what is the sideband power (in W)?","In an AM (Amplitude Modulation) system, the total power is the sum of the carrier power and the sideband power.

Given:
- Modulation index, \( m = 1 \)
- Carrier power, \( P_c = 100 \, \text{W} \)

The power in each sideband (USB and LSB) is given by:

\[
P_{\text{sideband}} = \frac{m^2}{4} P_c
\]

Since there are two sidebands (upper and lower), the total sideband power is:

\[
P_{\text{total sideband}} = 2 \times \frac{m^2}{4} P_c = \frac{m^2}{2} P_c
\]

Substitute \( m = 1 \) and \( P_c = 100 \, \text{W} \):

\[
P_{\text{total sideband}} = \frac{1^2}{2} \times 100 = \frac{1}{2} \times 100 = 50 \, \text{W}
\]

✅ **Answer: 50 W**",50.0,1.0,0.05596454999999996
"For a binary symmetric channel with ε=0.01, what is the probability of receiving a 0 if a 1 was sent?","In a binary symmetric channel (BSC), the probability of error is denoted by ε. This means:

- If a **0** is sent, it is received as **1** with probability ε.
- If a **1** is sent, it is received as **0** with probability ε.

Given:
- ε = 0.01

The question asks:  
**What is the probability of receiving a 0 if a 1 was sent?**

This is exactly the probability of an error when a 1 is transmitted — which is ε.

✅ Therefore, the probability is:

**0.01**",0.01,1.0,0.05321029999999998
A channel has bandwidth 1 MHz and SNR 0 dB. What is the Shannon capacity (in Mbps)?,"To calculate the **Shannon capacity** of a channel, we use the Shannon-Hartley theorem:

\[
C = B \log_2(1 + \text{SNR})
\]

Where:
- \( C \) is the channel capacity in bits per second (bps),
- \( B \) is the bandwidth in Hz,
- SNR is the signal-to-noise ratio (linear, not in dB).

### Given:
- Bandwidth \( B = 1 \, \text{MHz} = 1 \times 10^6 \, \text{Hz} \)
- SNR = 0 dB

### Step 1: Convert SNR from dB to linear scale
\[
\text{SNR (linear)} = 10^{\frac{\text{SNR (dB)}}{10}} = 10^{\frac{0}{10}} = 10^0 = 1
\]

### Step 2: Plug into the formula
\[
C = 10^6 \times \log_2(1 + 1) = 10^6 \times \log_2(2) = 10^6 \times 1 = 10^6 \, \text{bps}
\]

### Step 3: Convert to Mbps
\[
10^6 \, \text{bps} = 1 \, \text{Mbps}
\]

### ✅ Final Answer:
**1 Mbps**",1.0,0.5,0.05615509999999996
"For a uniform quantizer with L=256 levels and full-scale range 10 V, what is the step size Δ (in mV)?","To find the step size Δ of a uniform quantizer, we use the formula:

\[
\Delta = \frac{\text{Full-scale range}}{L}
\]

Given:
- Full-scale range = 10 V
- Number of levels, \( L = 256 \)

So,

\[
\Delta = \frac{10\ \text{V}}{256} = \frac{10}{256}\ \text{V} = 0.0390625\ \text{V}
\]

Convert to millivolts (mV):

\[
0.0390625\ \text{V} = 39.0625\ \text{mV}
\]

**Answer:**  
\[
\Delta = 39.0625\ \text{mV}
\]",39.1,1.0,0.05445734999999997
"In a QPSK system, if the symbol duration is 2 μs, what is the bit duration (in μs)?","In a QPSK (Quadrature Phase Shift Keying) system:

- Each symbol represents **2 bits** (since QPSK uses 4 phases, and 2² = 4).
- The symbol duration is given as **2 μs**.

Since each symbol carries 2 bits, the bit duration is:

\[
\text{Bit duration} = \frac{\text{Symbol duration}}{\text{Bits per symbol}} = \frac{2\ \mu s}{2} = 1\ \mu s
\]

✅ Answer: **1 μs**",1.0,0.5,0.05365914999999998
"A (n,k) code has n=15 and k=11. What is the number of parity bits?","In a block code denoted as (n, k), the parameters represent:

- **n** = total number of bits in each codeword (block length)  
- **k** = number of information bits (message length)  
- **r** = number of parity bits (redundancy)

The relationship is:

\[
r = n - k
\]

Given:
- \( n = 15 \)
- \( k = 11 \)

So:

\[
r = 15 - 11 = 4
\]

✅ The number of parity bits is **4**.",4.0,1.0,0.054970549999999965
"For a sinusoidal modulating signal, what is the modulation index if the peak amplitude of the modulating signal is 2 V and the carrier amplitude is 5 V?","The modulation index (m) for a sinusoidal modulating signal is given by the formula:

\[
m = \frac{A_m}{A_c}
\]

Where:
- \( A_m \) = peak amplitude of the modulating signal
- \( A_c \) = peak amplitude of the carrier signal

Given:
- \( A_m = 2 \, \text{V} \)
- \( A_c = 5 \, \text{V} \)

Substitute into the formula:

\[
m = \frac{2}{5} = 0.4
\]

✅ The modulation index is **0.4** (or 40%).",0.4,0.0,0.054892099999999965
"In a digital system, the symbol error rate is 10^-6. If the modulation is 64-QAM with Gray coding, what is approximate bit error rate?","For a digital communication system using **64-QAM with Gray coding**, the relationship between the **symbol error rate (SER)** and the **bit error rate (BER)** is approximately:

\[
\text{BER} \approx \frac{\text{SER}}{\log_2(M)}
\]

Where:
- \( M = 64 \) → \( \log_2(64) = 6 \)
- SER = \( 10^{-6} \)

So:

\[
\text{BER} \approx \frac{10^{-6}}{6} \approx 1.67 \times 10^{-7}
\]

✅ **Answer:**  
**Approximate bit error rate (BER) ≈ \( 1.67 \times 10^{-7} \)**

This approximation holds well for 64-QAM with Gray mapping, where each symbol error typically affects only one or two bits due to the Gray code's property of minimizing bit errors per symbol error.",1.6699999999999997e-07,0.0,0.05648744999999996
"For a raised-cosine filter with α=0.2 and symbol rate 1 MBaud, what is the absolute bandwidth (in MHz)?","To calculate the absolute bandwidth of a raised-cosine filter, we use the formula:

\[
B = \frac{R_s}{2} (1 + \alpha)
\]

Where:
- \( B \) is the absolute bandwidth (in Hz),
- \( R_s \) is the symbol rate (in symbols per second),
- \( \alpha \) is the roll-off factor (0 ≤ α ≤ 1).

Given:
- \( R_s = 1 \, \text{MBaud} = 1 \times 10^6 \, \text{symbols/second} \),
- \( \alpha = 0.2 \).

Plug in the values:

\[
B = \frac{1 \times 10^6}{2} (1 + 0.2) = 500,000 \times 1.2 = 600,000 \, \text{Hz}
\]

Convert to MHz:

\[
B = 0.6 \, \text{MHz}
\]

✅ Final Answer: **0.6 MHz**",0.6,0.5,0.05684869999999996
"A source emits symbols with probabilities 0.6, 0.3, 0.1. What is the entropy (in bits per symbol)?","To calculate the entropy of a discrete source, we use the formula:

\[
H = -\sum_{i} p_i \log_2 p_i
\]

Given probabilities:
- \( p_1 = 0.6 \)
- \( p_2 = 0.3 \)
- \( p_3 = 0.1 \)

Now compute each term:

1. For \( p_1 = 0.6 \):
\[
-0.6 \log_2(0.6) = -0.6 \times \frac{\log_{10}(0.6)}{\log_{10}(2)} \approx -0.6 \times \frac{-0.2218}{0.3010} \approx -0.6 \times (-0.7367) \approx 0.442
\]

2. For \( p_2 = 0.3 \):
\[
-0.3 \log_2(0.3) = -0.3 \times \frac{\log_{10}(0.3)}{\log_{10}(2)} \approx -0.3 \times \frac{-0.5229}{0.3010} \approx -0.3 \times (-1.737) \approx 0.521
\]

3. For \( p_3 = 0.1 \):
\[
-0.1 \log_2(0.1) = -0.1 \times \frac{\log_{10}(0.1)}{\log_{10}(2)} \approx -0.1 \times \frac{-1}{0.3010} \approx -0.1 \times (-3.322) \approx 0.332
\]

Now sum them up:
\[
H \approx 0.442 + 0.521 + 0.332 = 1.295 \text{ bits per symbol}
\]

✅ Final Answer: **1.295 bits per symbol** (approximately).",1.295,1.0,0.06028349999999996
"In a PCM system, if the sampling frequency is 16 kHz and each sample is represented by 8 bits, what is the bit rate (in kbps)?","In a Pulse Code Modulation (PCM) system:

- Sampling frequency = 16 kHz → 16,000 samples per second  
- Each sample = 8 bits  

The bit rate is calculated as:

\[
\text{Bit rate} = \text{Sampling frequency} \times \text{Bits per sample}
\]

\[
= 16,000 \, \text{samples/second} \times 8 \, \text{bits/sample}
\]

\[
= 128,000 \, \text{bits per second}
\]

Convert to kbps (kilobits per second):

\[
128,000 \, \text{bps} = 128 \, \text{kbps}
\]

✅ **Answer: 128 kbps**",128.0,0.5,0.057377249999999956
"For a binary symmetric channel, if the error probability is 0.05, what is the channel capacity (in bits per use)?","For a **binary symmetric channel (BSC)** with error probability \( p = 0.05 \), the channel capacity \( C \) in bits per use is given by:

\[
C = 1 - H(p)
\]

where \( H(p) \) is the binary entropy function:

\[
H(p) = -p \log_2 p - (1 - p) \log_2 (1 - p)
\]

### Step-by-step calculation:

Given:  
\( p = 0.05 \)

First, compute \( H(0.05) \):

\[
H(0.05) = -0.05 \log_2 0.05 - 0.95 \log_2 0.95
\]

Convert logs to base 2:

- \( \log_2 0.05 = \frac{\ln 0.05}{\ln 2} \approx \frac{-3.0}{0.6931} \approx -4.328 \)
- \( \log_2 0.95 = \frac{\ln 0.95}{\ln 2} \approx \frac{-0.0513}{0.6931} \approx -0.0740 \)

Now plug in:

\[
H(0.05) = -0.05(-4.328) - 0.95(-0.0740) \\
= 0.2164 + 0.0703 = 0.2867 \text{ bits}
\]

Now compute channel capacity:

\[
C = 1 - H(0.05) = 1 - 0.2867 = 0.7133 \text{ bits per use}
\]

### ✅ Final Answer:
**0.713 bits per use** (approximately)",0.714,1.0,0.06000614999999996
What is the bandwidth of a DSB-SC signal if the modulating signal has bandwidth 4 kHz?,"For a DSB-SC (Double Sideband Suppressed Carrier) signal, the bandwidth is **twice** the bandwidth of the modulating (baseband) signal.

Given:
- Bandwidth of the modulating signal = 4 kHz

Then:
- Bandwidth of the DSB-SC signal = 2 × 4 kHz = **8 kHz**

✅ Answer: **8 kHz**",8000.0,1.0,0.058750549999999964
"For a rectangular pulse of width T, what is the 10-dB bandwidth (in terms of 1/T)?","The 10-dB bandwidth of a rectangular pulse of width \( T \) is the frequency range over which the magnitude of the Fourier transform of the pulse drops to \( 10\% \) (i.e., −10 dB) of its peak value.

---

### Step-by-step:

The Fourier transform of a rectangular pulse of width \( T \), centered at 0, is:

\[
X(f) = T \cdot \text{sinc}(fT)
\]
where  
\[
\text{sinc}(x) = \frac{\sin(\pi x)}{\pi x}
\]

So,  
\[
|X(f)| = |T \cdot \text{sinc}(fT)| = T \cdot |\text{sinc}(fT)|
\]

The peak value of \( |X(f)| \) is at \( f = 0 \), and \( \text{sinc}(0) = 1 \), so:
- Peak amplitude: \( |X(0)| = T \)

We want the frequency \( f_{10} \) where:
\[
|X(f_{10})| = 0.1 \cdot T
\quad \Rightarrow \quad
|\text{sinc}(f_{10} T)| = 0.1
\]

Let \( x = f_{10} T \). So we solve:
\[
|\text{sinc}(x)| = 0.1
\]

This equation has multiple solutions — we're interested in the **first positive solution** where the magnitude drops to 10% of the peak (i.e., the first null after the main lobe).

Numerically solving:
\[
\frac{\sin(\pi x)}{\pi x} = 0.1
\]

This gives:
\[
x \approx 0.453 \quad (\text{first positive root})
\]

Therefore:
\[
f_{10} = \frac{x}{T} \approx \frac{0.453}{T}
\]

---

### ✅ Final Answer:
**10-dB bandwidth ≈ \( \frac{0.453}{T} \)**

This is commonly approximated as:
\[
\text{10-dB bandwidth} \approx \frac{0.45}{T}
\]

So, in terms of \( \frac{1}{T} \), it's approximately **0.45 times \( \frac{1}{T} \)**.",0.34,0.0,0.06395789999999997
"If the bit rate is 5 Mbps and the modulation is BPSK, what is the null-to-null bandwidth (in MHz)?","For Binary Phase Shift Keying (BPSK), the null-to-null bandwidth is equal to the bit rate.

This is because BPSK uses one symbol per bit, and the spectrum of BPSK has its first nulls at ±1 times the bit rate from the carrier frequency. So, the total null-to-null bandwidth is:

\[
\text{Null-to-null bandwidth} = \text{Bit rate}
\]

Given:
- Bit rate = 5 Mbps

Therefore:

\[
\text{Null-to-null bandwidth} = 5 \text{ MHz}
\]

✅ Answer: **5 MHz**",10.0,0.0,0.05796129999999996
A source emits symbols from an alphabet of size 32 with equal probability. What is the entropy per symbol (in bits)?,"To calculate the entropy per symbol for a source that emits symbols from an alphabet of size 32 with equal probability, we use the formula for entropy:

\[
H = \log_2(N)
\]

where \( N \) is the number of equally likely symbols.

Here, \( N = 32 \), so:

\[
H = \log_2(32)
\]

Since \( 32 = 2^5 \), we have:

\[
H = \log_2(2^5) = 5
\]

✅ Therefore, the entropy per symbol is **5 bits**.",5.0,1.0,0.05836584999999996
"In a digital system, the noise power is 10^{-12} W and signal power is 10^{-8} W. What is SNR in dB?","To calculate the Signal-to-Noise Ratio (SNR) in decibels (dB), use the formula:

\[
\text{SNR (dB)} = 10 \log_{10} \left( \frac{\text{Signal Power}}{\text{Noise Power}} \right)
\]

Given:
- Signal Power = \( 10^{-8} \) W  
- Noise Power = \( 10^{-12} \) W

\[
\frac{\text{Signal Power}}{\text{Noise Power}} = \frac{10^{-8}}{10^{-12}} = 10^{4}
\]

Now compute the SNR in dB:

\[
\text{SNR (dB)} = 10 \log_{10}(10^4) = 10 \times 4 = 40 \, \text{dB}
\]

✅ Final Answer: **40 dB**",40.0,1.0,0.05933024999999996
"For a matched filter, if the input signal energy is 1 μJ and noise PSD N0/2 = 10^{-12} W/Hz, what is the output SNR (linear)?","To calculate the output Signal-to-Noise Ratio (SNR) for a matched filter, we use the following formula:

\[
\text{SNR}_{\text{out}} = \frac{2E}{N_0}
\]

Where:
- \( E \) is the energy of the input signal,
- \( N_0 \) is the noise power spectral density (PSD) — note that in the problem, it's given as \( N_0/2 = 10^{-12} \) W/Hz, so \( N_0 = 2 \times 10^{-12} \) W/Hz.

Given:
- \( E = 1 \, \mu\text{J} = 1 \times 10^{-6} \, \text{J} \)
- \( N_0 = 2 \times 10^{-12} \, \text{W/Hz} \)

Now plug into the formula:

\[
\text{SNR}_{\text{out}} = \frac{2 \times (1 \times 10^{-6})}{2 \times 10^{-12}} = \frac{2 \times 10^{-6}}{2 \times 10^{-12}} = \frac{10^{-6}}{10^{-12}} = 10^{6}
\]

So the output SNR (linear) is:

\[
\boxed{10^6}
\]

or **1,000,000**.",2000000.0,0.3,0.06290529999999997
"If the sampling rate is 40 kHz, what is the maximum analog frequency (in kHz) that can be represented?","According to the **Nyquist-Shannon sampling theorem**, the maximum analog frequency that can be accurately represented without aliasing is half of the sampling rate.

Given:
- Sampling rate = 40 kHz

Maximum analog frequency =  
\[
\frac{40\ \text{kHz}}{2} = 20\ \text{kHz}
\]

✅ So, the maximum analog frequency that can be represented is **20 kHz**.",20.0,0.5,0.05911229999999996
"A binary symmetric channel has crossover probability 0.2. If the input symbols are equally likely, what is the probability of receiving a 1?","We are given:

- A binary symmetric channel (BSC) with crossover probability \( p = 0.2 \).
- The input symbols are equally likely: \( P(X = 0) = P(X = 1) = 0.5 \).

We are asked to find the probability of receiving a 1, i.e., \( P(Y = 1) \).

---

### Step-by-step solution:

In a BSC:
- If the input is 0, it is received as 1 with probability \( p = 0.2 \), and as 0 with probability \( 1 - p = 0.8 \).
- If the input is 1, it is received as 0 with probability \( p = 0.2 \), and as 1 with probability \( 1 - p = 0.8 \).

Using the law of total probability:

\[
P(Y = 1) = P(Y = 1 \mid X = 0)P(X = 0) + P(Y = 1 \mid X = 1)P(X = 1)
\]

Substitute values:

\[
P(Y = 1) = (0.2)(0.5) + (0.8)(0.5)
\]
\[
P(Y = 1) = 0.1 + 0.4 = 0.5
\]

---

### ✅ Final Answer:
\[
P(Y = 1) = 0.5
\]

This makes sense intuitively — because the input is symmetric and the channel is symmetric, the output distribution remains uniform.",0.5,1.0,0.06456514999999997
"For QPSK, if the symbol energy is 4 μJ, what is the energy per bit (in μJ)?","In QPSK (Quadrature Phase Shift Keying), each symbol represents 2 bits.

Given:
- Symbol energy = 4 μJ

Since each symbol carries 2 bits, the energy per bit is:

\[
E_b = \frac{E_s}{\log_2(M)} = \frac{4\ \mu\text{J}}{2} = 2\ \mu\text{J}
\]

✅ Answer: **2 μJ**",2.0,1.0,0.06109474999999996
"In a (7,4) Hamming code, what is the minimum Hamming distance?","In a (7,4) Hamming code, the **minimum Hamming distance is 3**.

### Explanation:
- A (7,4) Hamming code encodes 4 data bits into 7 bits by adding 3 parity bits.
- The minimum Hamming distance (d_min) of a Hamming code is always **3**.
- This means:
  - Any two valid codewords differ in at least 3 bit positions.
  - It can detect up to 2-bit errors.
  - It can correct 1-bit errors.

This property arises from the way parity bits are chosen to cover all bit positions in a specific pattern (e.g., based on binary representations of positions). The structure ensures that the minimum distance is 3, which is optimal for single-error correction.",3.0,1.0,0.06228869999999996
"For a uniform quantizer with 10 bits, what is the SQNR (in dB) for a full-scale sinusoid?","For a uniform quantizer with \( b = 10 \) bits, the Signal-to-Quantization Noise Ratio (SQNR) for a full-scale sinusoidal signal is approximately:

\[
\text{SQNR} \approx 6.02b + 1.76 \, \text{dB}
\]

This formula assumes:
- The signal is a full-scale sinusoid (i.e., normalized to use the full dynamic range of the quantizer),
- The quantizer is uniform and symmetric around zero,
- The quantization noise is uniformly distributed and uncorrelated with the signal.

Plugging in \( b = 10 \):

\[
\text{SQNR} \approx 6.02 \times 10 + 1.76 = 60.2 + 1.76 = 61.96 \, \text{dB}
\]

✅ Final Answer: **61.96 dB**",61.96,1.0,0.06408084999999997
A channel has bandwidth 200 kHz and SNR 10 dB. What is the Shannon capacity (in kbps)?,"To calculate the **Shannon capacity** of a channel, we use the formula:

\[
C = B \log_2(1 + \text{SNR})
\]

Where:
- \( C \) = channel capacity in bits per second (bps)
- \( B \) = bandwidth in Hz
- SNR = signal-to-noise ratio (as a linear value, not in dB)

---

### Given:
- Bandwidth \( B = 200 \, \text{kHz} = 200,000 \, \text{Hz} \)
- SNR = 10 dB

First, convert SNR from decibels to a linear scale:

\[
\text{SNR}_{\text{linear}} = 10^{\frac{\text{SNR}_{\text{dB}}}{10}} = 10^{\frac{10}{10}} = 10^1 = 10
\]

Now plug into the Shannon formula:

\[
C = 200,000 \times \log_2(1 + 10) = 200,000 \times \log_2(11)
\]

Calculate \( \log_2(11) \):

\[
\log_2(11) = \frac{\log_{10}(11)}{\log_{10}(2)} \approx \frac{1.0414}{0.3010} \approx 3.46
\]

Now compute capacity:

\[
C \approx 200,000 \times 3.46 = 692,000 \, \text{bps} = 692 \, \text{kbps}
\]

---

### ✅ Final Answer:
**692 kbps**",692.0,0.5,0.06612489999999997
"For BPSK, if the bit duration is 0.5 μs, what is the null-to-null bandwidth (in MHz)?","For BPSK (Binary Phase Shift Keying), the null-to-null bandwidth is determined by the bit rate and the modulation scheme.

Given:
- Bit duration \( T_b = 0.5 \, \mu\text{s} \)

First, compute the bit rate \( R_b \):
\[
R_b = \frac{1}{T_b} = \frac{1}{0.5 \times 10^{-6}} = 2 \times 10^6 \, \text{bits/second} = 2 \, \text{Mbps}
\]

For BPSK, the **null-to-null bandwidth** of the baseband signal is approximately:
\[
B_{\text{null-to-null}} = 2 R_b
\]
This is because BPSK has a sinc-shaped spectrum, and the first nulls occur at \( \pm R_b \) from the carrier (for baseband representation).

So:
\[
B_{\text{null-to-null}} = 2 \times 2 \, \text{MHz} = 4 \, \text{MHz}
\]

✅ Answer: **4 MHz**",4.0,0.5,0.06471214999999997
"In a binary system, if the bit error probability is 0.01, what is the probability that a 5-bit word has exactly one error?","We are given:

- Bit error probability: \( p = 0.01 \)
- Word length: \( n = 5 \) bits
- We want the probability of **exactly one error** in the 5-bit word.

This is a **binomial probability** problem.

The binomial probability formula is:

\[
P(k) = \binom{n}{k} p^k (1 - p)^{n - k}
\]

Where:
- \( n = 5 \)
- \( k = 1 \)
- \( p = 0.01 \)
- \( 1 - p = 0.99 \)

Plug in the values:

\[
P(1) = \binom{5}{1} (0.01)^1 (0.99)^4
\]

Calculate each part:

- \( \binom{5}{1} = 5 \)
- \( (0.01)^1 = 0.01 \)
- \( (0.99)^4 = 0.96059601 \) (you can compute this as \( 0.99 \times 0.99 \times 0.99 \times 0.99 \))

Now multiply:

\[
P(1) = 5 \times 0.01 \times 0.96059601 = 5 \times 0.0096059601 = 0.0480298005
\]

So, the probability that a 5-bit word has exactly one error is approximately:

\[
\boxed{0.0480}
\]

(Rounded to 4 decimal places.)",0.048,0.0,0.025463
A PCM system samples at 8 kHz and uses 12 bits per sample. What is the data rate (in kbps)?,"To calculate the data rate of a PCM (Pulse Code Modulation) system:

**Data Rate (in kbps) = Sampling Rate × Bits per Sample**

Given:
- Sampling Rate = 8 kHz = 8,000 samples/second
- Bits per Sample = 12 bits

So,

Data Rate = 8,000 samples/second × 12 bits/sample  
= 96,000 bits/second  
= **96 kbps**

✅ Final Answer: **96 kbps**",96.0,0.5,0.01896895
"For a raised-cosine filter with α=0.5, what is the absolute bandwidth if the symbol rate is 2 MBaud?","For a raised-cosine filter, the absolute bandwidth \( B \) is given by:

\[
B = \frac{1 + \alpha}{2T}
\]

where:
- \( \alpha \) is the roll-off factor,
- \( T \) is the symbol period (in seconds),
- The symbol rate \( R_s = \frac{1}{T} \) (in symbols per second or Baud).

Given:
- \( \alpha = 0.5 \)
- Symbol rate \( R_s = 2 \) MBaud = \( 2 \times 10^6 \) Baud

So, \( T = \frac{1}{R_s} = \frac{1}{2 \times 10^6} \) seconds.

Now plug into the formula:

\[
B = \frac{1 + \alpha}{2T} = (1 + \alpha) \cdot \frac{R_s}{2}
\]

\[
B = (1 + 0.5) \cdot \frac{2 \times 10^6}{2} = 1.5 \cdot 10^6 \, \text{Hz}
\]

✅ Final Answer:
**1.5 MHz**",1500000.0,1.0,0.02423995
"If the modulation index of FM is 3 and the modulating frequency is 2 kHz, what is the frequency deviation (in kHz)?","In frequency modulation (FM), the modulation index (β) is defined as:

\[
\beta = \frac{\Delta f}{f_m}
\]

Where:
- \( \beta \) = modulation index
- \( \Delta f \) = frequency deviation (in kHz or Hz)
- \( f_m \) = modulating frequency (in kHz or Hz)

Given:
- \( \beta = 3 \)
- \( f_m = 2 \text{ kHz} \)

Rearranging the formula to solve for \( \Delta f \):

\[
\Delta f = \beta \times f_m = 3 \times 2 \text{ kHz} = 6 \text{ kHz}
\]

✅ **Answer: 6 kHz**",6.0,0.5,0.0209748
"In a digital communication system, the symbol rate is 500 kBaud and the bandwidth is 400 kHz. What is the spectral efficiency (in bps/Hz)?","To calculate the **spectral efficiency** in bits per second per hertz (bps/Hz), we use the formula:

\[
\text{Spectral Efficiency} = \frac{\text{Symbol Rate}}{\text{Bandwidth}}
\]

However, note that this formula assumes that each symbol carries **1 bit** — i.e., binary modulation (like BPSK). If multiple bits are carried per symbol (e.g., QPSK, 16-QAM), you need to account for that.

But since the question does not specify the modulation scheme, we assume the simplest case: **1 bit per symbol**. This is standard unless otherwise stated.

Given:
- Symbol rate = 500 kBaud = 500,000 symbols/second
- Bandwidth = 400 kHz = 400,000 Hz

Now plug into the formula:

\[
\text{Spectral Efficiency} = \frac{500,\!000 \text{ bps}}{400,\!000 \text{ Hz}} = 1.25 \text{ bps/Hz}
\]

✅ Final Answer: **1.25 bps/Hz**",1.25,1.0,0.0234691
"For a Gaussian distribution with mean 0 and variance 1, what is the probability that the value is between -1 and 1?","For a standard normal distribution (mean = 0, variance = 1), the probability that a value falls between -1 and 1 is given by:

\[
P(-1 \leq X \leq 1) = \Phi(1) - \Phi(-1)
\]

Where \( \Phi(x) \) is the cumulative distribution function (CDF) of the standard normal distribution.

From standard normal tables or using a calculator:
- \( \Phi(1) \approx 0.8413 \)
- \( \Phi(-1) \approx 0.1587 \)

So,

\[
P(-1 \leq X \leq 1) = 0.8413 - 0.1587 = 0.6826
\]

**Answer:** Approximately **68.26%**.  
This is a well-known result — about 68% of the data in a normal distribution lies within one standard deviation of the mean.",0.6827,0.0,0.0235993
"A binary source emits symbols with probabilities P(0)=0.7, P(1)=0.3. What is the entropy (in bits per symbol)?","To calculate the entropy \( H \) of a binary source, we use the formula:

\[
H = -\sum_{i} p_i \log_2 p_i
\]

For a binary source with:
- \( P(0) = 0.7 \)
- \( P(1) = 0.3 \)

The entropy is:

\[
H = -[P(0) \log_2 P(0) + P(1) \log_2 P(1)]
\]

\[
H = -[0.7 \log_2 0.7 + 0.3 \log_2 0.3]
\]

Now compute each term:

- \( \log_2 0.7 \approx \frac{\ln 0.7}{\ln 2} \approx \frac{-0.3567}{0.6931} \approx -0.5146 \)
- \( \log_2 0.3 \approx \frac{\ln 0.3}{\ln 2} \approx \frac{-1.2040}{0.6931} \approx -1.737 \)

Now plug in:

\[
H = -[0.7 \times (-0.5146) + 0.3 \times (-1.737)]
\]

\[
H = -[-0.3602 - 0.5211] = -[-0.8813] = 0.8813 \text{ bits per symbol}
\]

✅ Final Answer: **≈ 0.881 bits per symbol**",0.881,1.0,0.02501595
"In QPSK, if the bit energy is 2 μJ, what is the symbol energy (in μJ)?","In QPSK (Quadrature Phase Shift Keying), each symbol represents **2 bits**.

Given:
- Bit energy \( E_b = 2 \, \mu\text{J} \)

Since each symbol carries 2 bits, the symbol energy \( E_s \) is:

\[
E_s = 2 \times E_b = 2 \times 2 \, \mu\text{J} = 4 \, \mu\text{J}
\]

✅ Answer: **4 μJ**",4.0,1.0,0.0244529
"For a (15,11) Hamming code, what is the number of parity bits?","For a (n, k) Hamming code:

- n = total number of bits in the codeword  
- k = number of data bits  
- r = number of parity bits  

The relationship is:  
**n = k + r**

For Hamming codes, the number of parity bits must satisfy:  
**2^r ≥ n + 1**

Given:
- n = 15 (total bits)
- k = 11 (data bits)

So:
- r = n - k = 15 - 11 = **4**

Let's verify if this satisfies the Hamming bound:
- 2^r = 2^4 = 16
- n + 1 = 15 + 1 = 16

Since 16 ≥ 16, the condition is satisfied.

✅ Therefore, the number of parity bits is **4**.",4.0,1.0,0.025235399999999998
"If the SNR at the input of a quantizer is 20 dB and the SQNR is 30 dB, what is the processing gain (in dB)?","The **processing gain** (PG) of a quantizer is defined as the difference between the **Signal-to-Quantization-Noise Ratio (SQNR)** and the **Signal-to-Noise Ratio (SNR)** at the input:

\[
\text{PG (dB)} = \text{SQNR (dB)} - \text{SNR (dB)}
\]

Given:
- SNR (input) = 20 dB
- SQNR = 30 dB

So,

\[
\text{PG} = 30\ \text{dB} - 20\ \text{dB} = 10\ \text{dB}
\]

✅ **Answer: 10 dB**",10.0,1.0,0.0246176
"For a sinusoidal modulating signal, what is the modulation index if the carrier amplitude is 8 V and the sideband amplitude is 2 V?","To find the **modulation index** (often denoted as \( m \)) for a sinusoidal modulating signal in amplitude modulation (AM), we use the relationship between the carrier amplitude and the sideband amplitudes.

For AM:

- The sideband amplitudes are each equal to \( \frac{m A_c}{2} \), where:
  - \( A_c \) is the carrier amplitude
  - \( m \) is the modulation index

Given:
- Carrier amplitude \( A_c = 8 \, \text{V} \)
- Sideband amplitude \( = 2 \, \text{V} \)

So:
\[
\frac{m A_c}{2} = 2
\]

Substitute \( A_c = 8 \):
\[
\frac{m \cdot 8}{2} = 2
\]
\[
4m = 2
\]
\[
m = \frac{2}{4} = 0.5
\]

✅ **Answer:** The modulation index is **0.5** or **50%**.",0.5,0.0,0.02560355
"In a binary symmetric channel, if the crossover probability is 0.1, what is the channel capacity (in bits per use)?","The channel capacity \( C \) of a binary symmetric channel (BSC) with crossover probability \( p \) is given by:

\[
C = 1 - H(p)
\]

where \( H(p) \) is the binary entropy function:

\[
H(p) = -p \log_2 p - (1 - p) \log_2 (1 - p)
\]

Given:  
\( p = 0.1 \)

First, compute \( H(0.1) \):

\[
H(0.1) = -0.1 \log_2 0.1 - 0.9 \log_2 0.9
\]

Calculate each term:

- \( \log_2 0.1 = \frac{\log_{10} 0.1}{\log_{10} 2} = \frac{-1}{0.3010} \approx -3.3219 \)
- So, \( -0.1 \log_2 0.1 = -0.1 \times (-3.3219) = 0.33219 \)

- \( \log_2 0.9 = \frac{\log_{10} 0.9}{\log_{10} 2} = \frac{-0.045757}{0.3010} \approx -0.1519 \)
- So, \( -0.9 \log_2 0.9 = -0.9 \times (-0.1519) = 0.13671 \)

Now add them:

\[
H(0.1) \approx 0.33219 + 0.13671 = 0.4689
\]

Finally, the channel capacity:

\[
C = 1 - H(0.1) \approx 1 - 0.4689 = 0.5311 \text{ bits per use}
\]

✅ Final Answer: **0.531 bits per use** (approximately).",0.531,1.0,0.02868315
A signal has bandwidth 15 kHz and is sampled at 40 kHz. What is the Nyquist rate (in kHz)?,"The **Nyquist rate** is defined as **twice the highest frequency component** (i.e., the bandwidth) of the signal.

Given:
- Bandwidth = 15 kHz

So, the Nyquist rate is:

\[
\text{Nyquist rate} = 2 \times \text{bandwidth} = 2 \times 15\ \text{kHz} = 30\ \text{kHz}
\]

✅ The Nyquist rate is **30 kHz**.

Note: The sampling rate (40 kHz) is greater than the Nyquist rate (30 kHz), so the signal can be properly reconstructed from its samples — this satisfies the Nyquist-Shannon sampling theorem.",30.0,0.5,0.024797899999999998
"For BPSK, if the required Eb/N0 for BER=10^-6 is 10.5 dB, what is the linear γ?","To find the linear value of γ (which is typically used to represent Eb/N₀ in linear scale), we convert from decibels (dB) to a linear scale using the formula:

\[
\gamma_{\text{linear}} = 10^{\frac{\gamma_{\text{dB}}}{10}}
\]

Given:
- \(\gamma_{\text{dB}} = 10.5\) dB

Now compute:

\[
\gamma_{\text{linear}} = 10^{\frac{10.5}{10}} = 10^{1.05}
\]

Using a calculator:

\[
10^{1.05} \approx 11.22
\]

✅ So, the linear γ is approximately **11.22**.",11.22,1.0,0.02512115
"In a PCM system, if the signal is quantized into 128 levels, how many bits per sample are needed?","In a Pulse Code Modulation (PCM) system, the number of bits per sample required to represent a given number of quantization levels is determined by the formula:

\[
\text{Number of bits} = \log_2(\text{Number of levels})
\]

Given that the signal is quantized into 128 levels:

\[
\text{Number of bits} = \log_2(128)
\]

Since \( 128 = 2^7 \), it follows that:

\[
\log_2(128) = 7
\]

✅ Therefore, **7 bits per sample** are needed.",7.0,1.0,0.02568745
"For a rectangular pulse of duration T, what is the energy spectral density at f=1/T?","For a rectangular pulse of duration T, the energy spectral density (ESD) at frequency f = 1/T is:

**Zero**

Here's why:

1. **Rectangular Pulse in Time Domain:**
   The rectangular pulse is typically defined as:
   \[
   x(t) = 
   \begin{cases}
   1 & |t| \leq T/2 \\
   0 & \text{otherwise}
   \end{cases}
   \]

2. **Fourier Transform (Frequency Domain):**
   The Fourier transform of this pulse is:
   \[
   X(f) = T \cdot \text{sinc}(πfT)
   \]
   where \(\text{sinc}(x) = \frac{\sin(x)}{x}\).

3. **Energy Spectral Density (ESD):**
   The ESD is given by:
   \[
   S_{xx}(f) = |X(f)|^2
   \]
   So:
   \[
   S_{xx}(f) = T^2 \cdot \text{sinc}^2(πfT)
   \]

4. **Evaluate at f = 1/T:**
   \[
   S_{xx}\left(\frac{1}{T}\right) = T^2 \cdot \text{sinc}^2\left(π \cdot \frac{1}{T} \cdot T\right) = T^2 \cdot \text{sinc}^2(π)
   \]
   Since \(\text{sinc}(π) = \frac{\sin(π)}{π} = 0\), we get:
   \[
   S_{xx}\left(\frac{1}{T}\right) = T^2 \cdot 0^2 = 0
   \]

Therefore, the energy spectral density at f = 1/T is exactly zero — it corresponds to a null (zero crossing) in the sinc function.",0.0,0.0,0.029940600000000005
"In a digital system, if the bit rate is 20 Mbps and the modulation is 16-QAM, what is the symbol rate (in MBaud)?","To find the symbol rate (in MBaud) for a digital system using 16-QAM with a bit rate of 20 Mbps, we use the relationship:

\[
\text{Symbol Rate} = \frac{\text{Bit Rate}}{\log_2(M)}
\]

Where:
- \( M \) is the number of signal levels in the modulation scheme.
- For 16-QAM, \( M = 16 \), so \( \log_2(16) = 4 \).

Given:
- Bit Rate = 20 Mbps

\[
\text{Symbol Rate} = \frac{20\ \text{Mbps}}{4} = 5\ \text{MBaud}
\]

✅ Answer: **5 MBaud**",5.0,0.5,0.0267498
A source emits symbols from an alphabet of size 64 with equal probability. What is the entropy per symbol (in bits)?,"To calculate the entropy per symbol for a source that emits symbols from an alphabet of size 64 with equal probability, we use the formula for entropy:

\[
H = \log_2(N)
\]

where:
- \( N \) is the number of possible symbols (alphabet size),
- \( H \) is the entropy in bits per symbol.

Given:
- \( N = 64 \)

So:

\[
H = \log_2(64)
\]

Since \( 64 = 2^6 \), we have:

\[
\log_2(64) = 6
\]

✅ Therefore, the entropy per symbol is **6 bits**.",6.0,1.0,0.026465000000000002
"For a matched filter, if the input SNR is -5 dB and the processing gain is 15 dB, what is the output SNR (in dB)?","To calculate the output SNR of a matched filter, you use the relationship:

\[
\text{Output SNR (dB)} = \text{Input SNR (dB)} + \text{Processing Gain (dB)}
\]

Given:
- Input SNR = -5 dB
- Processing Gain = 15 dB

Now plug in the values:

\[
\text{Output SNR} = -5 \, \text{dB} + 15 \, \text{dB} = 10 \, \text{dB}
\]

✅ **Answer: 10 dB**",10.0,1.0,0.0263769
"In an AM system, if the modulation index is 0.8 and the carrier power is 50 W, what is the sideband power (in W)?","In an AM (Amplitude Modulation) system, the total power is the sum of the carrier power and the sideband power.

The formula for the total power in an AM wave is:

\[
P_{\text{total}} = P_c \left(1 + \frac{m^2}{2}\right)
\]

Where:
- \( P_c \) = carrier power
- \( m \) = modulation index

The **sideband power** is the portion of the total power that is not the carrier. It is given by:

\[
P_{\text{sideband}} = P_c \cdot \frac{m^2}{2}
\]

Given:
- \( m = 0.8 \)
- \( P_c = 50 \, \text{W} \)

Now plug in the values:

\[
P_{\text{sideband}} = 50 \times \frac{(0.8)^2}{2} = 50 \times \frac{0.64}{2} = 50 \times 0.32 = 16 \, \text{W}
\]

✅ Final Answer: **16 W**",16.0,1.0,0.02883585
"For a binary symmetric channel with ε=0.05, what is the probability of receiving a 0 if a 1 was sent?","In a binary symmetric channel (BSC), the probability of receiving a bit that is different from the one sent is called the crossover probability, denoted by ε.

Given:
- ε = 0.05 (probability of error)
- A 1 was sent

The question asks for the probability of receiving a 0 when a 1 was sent.

This is exactly the definition of the crossover probability — the chance that the transmitted bit is flipped.

Therefore, the probability of receiving a 0 if a 1 was sent is:

**0.05**",0.05,1.0,0.0279486
A channel has bandwidth 500 kHz and SNR 3 dB. What is the Shannon capacity (in kbps)?,"To calculate the **Shannon capacity** of a channel, we use the Shannon-Hartley theorem:

\[
C = B \log_2(1 + \text{SNR})
\]

Where:
- \( C \) is the channel capacity in bits per second (bps),
- \( B \) is the bandwidth in Hz,
- SNR is the signal-to-noise ratio (linear, not in dB).

---

### Given:
- Bandwidth \( B = 500 \, \text{kHz} = 500,\!000 \, \text{Hz} \)
- SNR = 3 dB

First, convert SNR from dB to linear scale:

\[
\text{SNR}_{\text{linear}} = 10^{\frac{\text{SNR}_{\text{dB}}}{10}} = 10^{\frac{3}{10}} = 10^{0.3} \approx 1.995
\]

Now plug into the formula:

\[
C = 500,\!000 \times \log_2(1 + 1.995) = 500,\!000 \times \log_2(2.995)
\]

Calculate \( \log_2(2.995) \):

\[
\log_2(2.995) = \frac{\log_{10}(2.995)}{\log_{10}(2)} \approx \frac{0.4764}{0.3010} \approx 1.582
\]

Now compute capacity:

\[
C \approx 500,\!000 \times 1.582 = 791,\!000 \, \text{bps} = 791 \, \text{kbps}
\]

---

### ✅ Final Answer:
**791 kbps**",750.0,0.5,0.032635649999999995
"For a uniform quantizer with L=512 levels and full-scale range 5 V, what is the step size Δ (in mV)?","To find the step size Δ of a uniform quantizer, we use the formula:

\[
\Delta = \frac{\text{Full-scale range}}{L}
\]

Given:
- Full-scale range = 5 V
- Number of levels \( L = 512 \)

So,

\[
\Delta = \frac{5\ \text{V}}{512} = \frac{5000\ \text{mV}}{512} \approx 9.765625\ \text{mV}
\]

✅ Final Answer:  
**Δ ≈ 9.77 mV** (rounded to two decimal places)",9.77,1.0,0.02900985
"In a QPSK system, if the symbol duration is 4 μs, what is the bit duration (in μs)?","In a QPSK (Quadrature Phase Shift Keying) system:

- Each symbol represents **2 bits** (since QPSK uses 4 different phases to encode data).
- The symbol duration is given as **4 μs**.

Since each symbol carries 2 bits, the bit duration is:

\[
\text{Bit duration} = \frac{\text{Symbol duration}}{\text{Bits per symbol}} = \frac{4\ \mu s}{2} = 2\ \mu s
\]

✅ **Answer: 2 μs**",2.0,0.5,0.0283142
"A (n,k) code has n=31 and k=26. What is the number of parity bits?","In a block code denoted as (n, k), the parameters represent:

- **n** = total length of the codeword (number of bits in each encoded message)
- **k** = number of information bits (original data bits)
- **r** = number of parity bits (redundant bits added for error detection/correction)

The relationship is:

\[
r = n - k
\]

Given:
- \( n = 31 \)
- \( k = 26 \)

So,

\[
r = 31 - 26 = 5
\]

✅ The number of parity bits is **5**.",5.0,1.0,0.0289203
"For a sinusoidal modulating signal, what is the modulation index if the peak amplitude of the modulating signal is 3 V and the carrier amplitude is 10 V?","The modulation index (m) for a sinusoidal modulating signal is given by the formula:

\[
m = \frac{A_m}{A_c}
\]

Where:
- \( A_m \) = peak amplitude of the modulating signal  
- \( A_c \) = peak amplitude of the carrier signal

Given:
- \( A_m = 3 \, \text{V} \)
- \( A_c = 10 \, \text{V} \)

Substitute into the formula:

\[
m = \frac{3}{10} = 0.3
\]

So, the modulation index is **0.3** or **30%**.",0.3,0.0,0.029350050000000003
"In a digital system, the symbol error rate is 10^-5. If the modulation is 64-QAM with Gray coding, what is approximate bit error rate?","For a digital communication system using 64-QAM with Gray coding, the relationship between the symbol error rate (SER) and the bit error rate (BER) is approximately:

\[
\text{BER} \approx \frac{\text{SER}}{\log_2(M)}
\]

where:
- \( M = 64 \) (number of symbols in 64-QAM),
- \( \log_2(64) = 6 \),
- SER = \( 10^{-5} \).

So,

\[
\text{BER} \approx \frac{10^{-5}}{6} \approx 1.67 \times 10^{-6}
\]

✅ **Approximate Bit Error Rate (BER):**  
**\( \mathbf{1.7 \times 10^{-6}} \)**

This approximation holds well for 64-QAM with Gray mapping because each symbol error typically affects only one bit due to the Gray code’s property of minimizing bit errors per symbol error.",1.6699999999999999e-06,0.0,0.030073000000000006
"For a raised-cosine filter with α=0.3 and symbol rate 10 kBaud, what is the absolute bandwidth (in kHz)?","To calculate the absolute bandwidth of a raised-cosine filter, we use the formula:

\[
B = \frac{R_s}{2} (1 + \alpha)
\]

Where:
- \( B \) is the absolute bandwidth (in Hz),
- \( R_s \) is the symbol rate (in symbols per second),
- \( \alpha \) is the roll-off factor (0 ≤ α ≤ 1).

Given:
- \( R_s = 10 \, \text{kBaud} = 10,000 \, \text{symbols/sec} \),
- \( \alpha = 0.3 \).

Substitute into the formula:

\[
B = \frac{10,000}{2} (1 + 0.3) = 5,000 \times 1.3 = 6,500 \, \text{Hz}
\]

Convert to kHz:
\[
B = 6.5 \, \text{kHz}
\]

✅ Final Answer: **6.5 kHz**",6.5,0.5,0.030539800000000006
"A source emits symbols with probabilities 0.5, 0.3, 0.2. What is the entropy (in bits per symbol)?","To calculate the entropy of a discrete source, we use the formula:

\[
H = -\sum_{i} p_i \log_2 p_i
\]

Given the probabilities:
- \( p_1 = 0.5 \)
- \( p_2 = 0.3 \)
- \( p_3 = 0.2 \)

Now compute each term:

1. For \( p_1 = 0.5 \):
\[
-0.5 \log_2(0.5) = -0.5 \times (-1) = 0.5
\]

2. For \( p_2 = 0.3 \):
\[
-0.3 \log_2(0.3) \approx -0.3 \times (-1.737) \approx 0.521
\]

3. For \( p_3 = 0.2 \):
\[
-0.2 \log_2(0.2) \approx -0.2 \times (-2.322) \approx 0.464
\]

Now sum them up:

\[
H \approx 0.5 + 0.521 + 0.464 = 1.485 \text{ bits per symbol}
\]

✅ Final Answer: **1.485 bits per symbol**",1.485,1.0,0.03297334999999999
"In a PCM system, if the sampling frequency is 32 kHz and each sample is represented by 16 bits, what is the bit rate (in Mbps)?","To calculate the bit rate in a PCM (Pulse Code Modulation) system:

**Given:**
- Sampling frequency = 32 kHz = 32,000 samples per second
- Bits per sample = 16 bits

**Bit rate formula:**
\[
\text{Bit rate} = \text{Sampling frequency} \times \text{Bits per sample}
\]

\[
\text{Bit rate} = 32,000 \, \text{samples/sec} \times 16 \, \text{bits/sample}
\]

\[
\text{Bit rate} = 512,000 \, \text{bits per second} = 512 \, \text{kbps}
\]

To express in **Mbps** (megabits per second):

\[
512 \, \text{kbps} = 0.512 \, \text{Mbps}
\]

✅ **Answer:** **0.512 Mbps**",0.512,0.5,0.03237775
"For a binary symmetric channel, if the error probability is 0.02, what is the channel capacity (in bits per use)?","For a binary symmetric channel (BSC) with error probability \( p \), the channel capacity \( C \) in bits per use is given by:

\[
C = 1 - H(p)
\]

where \( H(p) \) is the binary entropy function:

\[
H(p) = -p \log_2 p - (1 - p) \log_2 (1 - p)
\]

Given \( p = 0.02 \), we compute:

\[
H(0.02) = -0.02 \log_2(0.02) - 0.98 \log_2(0.98)
\]

Let’s calculate each term:

- \( \log_2(0.02) = \frac{\ln(0.02)}{\ln(2)} \approx \frac{-3.912}{0.6931} \approx -5.644 \)
- So, \( -0.02 \log_2(0.02) \approx -0.02 \times (-5.644) = 0.11288 \)

- \( \log_2(0.98) = \frac{\ln(0.98)}{\ln(2)} \approx \frac{-0.0202}{0.6931} \approx -0.02915 \)
- So, \( -0.98 \log_2(0.98) \approx -0.98 \times (-0.02915) = 0.02857 \)

Add them:
\[
H(0.02) \approx 0.11288 + 0.02857 = 0.14145
\]

Now compute capacity:
\[
C = 1 - 0.14145 = 0.85855 \text{ bits per use}
\]

✅ Final Answer:
\[
\boxed{0.858} \text{ bits per use}
\]

(Rounded to three decimal places.)",0.858,0.5,0.034716099999999986
What is the bandwidth of a DSB-SC signal if the modulating signal has bandwidth 6 kHz?,"The bandwidth of a DSB-SC (Double Sideband Suppressed Carrier) signal is **twice the bandwidth of the modulating signal**.

Given:
- Bandwidth of the modulating signal = 6 kHz

Therefore, the bandwidth of the DSB-SC signal is:

\[
2 \times 6\ \text{kHz} = 12\ \text{kHz}
\]

✅ **Answer: 12 kHz**",12000.0,1.0,0.06313069999999997
"For a rectangular pulse of width T, what is the 20-dB bandwidth (in terms of 1/T)?","The 20-dB bandwidth of a rectangular pulse of width \( T \) refers to the frequency range over which the magnitude of the Fourier transform of the pulse drops to 10% (i.e., −20 dB) of its peak value.

### Step-by-step:

The Fourier transform of a rectangular pulse of width \( T \) and amplitude 1 is:

\[
X(f) = T \cdot \text{sinc}(fT)
\]

where \( \text{sinc}(x) = \frac{\sin(\pi x)}{\pi x} \).

The peak of \( |X(f)| \) occurs at \( f = 0 \), where \( |X(0)| = T \).

We want to find the frequency \( f_{20} \) such that:

\[
|X(f_{20})| = 0.1 \cdot |X(0)| = 0.1T
\]

So:

\[
|T \cdot \text{sinc}(f_{20}T)| = 0.1T
\Rightarrow |\text{sinc}(f_{20}T)| = 0.1
\]

Let \( x = f_{20}T \). Then we solve:

\[
|\text{sinc}(x)| = 0.1
\Rightarrow \left| \frac{\sin(\pi x)}{\pi x} \right| = 0.1
\]

This equation must be solved numerically for the smallest positive \( x \) (since sinc has zeros at integer multiples of 1, and we're looking for the first null after the main lobe where it reaches 0.1).

Using numerical methods or known approximations:
- The first zero-crossing of the sinc function is at \( x = 1 \).
- The first maximum near zero is at \( x ≈ 0.443 \), but we need the point where \( |\text{sinc}(x)| = 0.1 \).

Solving numerically:
The solution to \( \left| \frac{\sin(\pi x)}{\pi x} \right| = 0.1 \) gives approximately:

\[
x ≈ 0.443
\quad \text{or more precisely:} \quad x ≈ 0.4467
\]

This is the normalized frequency where the envelope drops to 10% of the peak — this corresponds to one side of the 20 dB bandwidth.

Therefore, the **20-dB bandwidth** (full width) is:

\[
BW_{20} = 2 \cdot f_{20} = 2 \cdot \frac{x}{T} ≈ \frac{2 \cdot 0.4467}{T} ≈ \frac{0.8934}{T}
\]

### Final Answer:
\[
\textbf{20-dB bandwidth} ≈ \frac{0.893}{T}
\]

Or, expressed in terms of \( \frac{1}{T} \):

\[
\boxed{\frac{0.893}{T}} \quad \text{(in Hz if } T \text{ is in seconds)}
\]

This is commonly approximated as:
\[
\boxed{\frac{0.9}{T}}
\]

as a practical rule-of-thumb.",0.22,0.0,0.06998899999999998
"If the bit rate is 8 Mbps and the modulation is BPSK, what is the null-to-null bandwidth (in MHz)?","For Binary Phase Shift Keying (BPSK), the null-to-null bandwidth is equal to the bit rate.

This is because BPSK transmits one bit per symbol, so the symbol rate equals the bit rate. The null-to-null bandwidth of a BPSK signal (ignoring pulse shaping) is approximately:

**Bandwidth = Bit Rate**

Given:
- Bit rate = 8 Mbps

Therefore, the null-to-null bandwidth is:

**8 MHz**

✅ Answer: **8 MHz**",16.0,0.0,0.06477509999999997
A source emits symbols from an alphabet of size 128 with equal probability. What is the entropy per symbol (in bits)?,"To calculate the entropy per symbol for a source that emits symbols from an alphabet of size 128 with equal probability, we use the formula for entropy:

\[
H = \log_2(N)
\]

where:
- \( N \) is the number of symbols in the alphabet,
- The logarithm is base 2 (since entropy is measured in bits).

Given:
- \( N = 128 \)

So:

\[
H = \log_2(128)
\]

We know that:

\[
128 = 2^7
\]

Therefore:

\[
\log_2(128) = 7
\]

✅ Final Answer:
**7 bits per symbol**",7.0,1.0,0.06659804999999998
"In a digital system, the noise power is 10^{-10} W and signal power is 10^{-7} W. What is SNR in dB?","To calculate the Signal-to-Noise Ratio (SNR) in decibels (dB), use the formula:

\[
\text{SNR (dB)} = 10 \log_{10} \left( \frac{\text{Signal Power}}{\text{Noise Power}} \right)
\]

Given:
- Signal Power = \( 10^{-7} \) W  
- Noise Power = \( 10^{-10} \) W

Substitute into the formula:

\[
\text{SNR (dB)} = 10 \log_{10} \left( \frac{10^{-7}}{10^{-10}} \right)
= 10 \log_{10} \left( 10^{3} \right)
= 10 \times 3
= 30 \, \text{dB}
\]

✅ Final Answer: **30 dB**",30.0,1.0,0.06718494999999998
"For a matched filter, if the input signal energy is 5 μJ and noise PSD N0=10^{-12} W/Hz, what is the output SNR (linear)?","To compute the output Signal-to-Noise Ratio (SNR) for a matched filter, we use the fundamental formula:

\[
\text{SNR}_{\text{out}} = \frac{2E_s}{N_0}
\]

Where:
- \( E_s \) is the signal energy in joules (J),
- \( N_0 \) is the noise power spectral density in watts per hertz (W/Hz).

Given:
- \( E_s = 5 \, \mu\text{J} = 5 \times 10^{-6} \, \text{J} \)
- \( N_0 = 10^{-12} \, \text{W/Hz} \)

Plug into the formula:

\[
\text{SNR}_{\text{out}} = \frac{2 \times 5 \times 10^{-6}}{10^{-12}} = \frac{10 \times 10^{-6}}{10^{-12}} = 10 \times 10^{6} = 10^7
\]

So, the output SNR (linear) is:

\[
\boxed{10^7}
\]",10000000.0,0.0,0.06805289999999999
"If the sampling rate is 20 kHz, what is the maximum analog frequency (in kHz) that can be represented?","According to the **Nyquist-Shannon sampling theorem**, the maximum analog frequency that can be accurately represented without aliasing is **half the sampling rate**.

Given:
- Sampling rate = 20 kHz

Maximum analog frequency =  
\[
\frac{20\ \text{kHz}}{2} = 10\ \text{kHz}
\]

✅ **Answer: 10 kHz**",10.0,0.5,0.06617694999999997
"A binary symmetric channel has crossover probability 0.3. If the input symbols are equally likely, what is the probability of receiving a 0?","We are given:

- A **binary symmetric channel (BSC)** with crossover probability \( p = 0.3 \).
- The input symbols are **equally likely**, so:
  \[
  P(X = 0) = P(X = 1) = 0.5
  \]

We are asked to find the probability of receiving a 0, i.e., \( P(Y = 0) \).

---

### Step-by-step:

The output \( Y \) depends on the input \( X \) and the channel behavior.

In a BSC:
- If input is 0, output is 0 with probability \( 1 - p = 0.7 \), and 1 with probability \( p = 0.3 \).
- If input is 1, output is 1 with probability \( 1 - p = 0.7 \), and 0 with probability \( p = 0.3 \).

Using the law of total probability:

\[
P(Y = 0) = P(Y = 0 | X = 0)P(X = 0) + P(Y = 0 | X = 1)P(X = 1)
\]

Substitute values:

\[
P(Y = 0) = (0.7)(0.5) + (0.3)(0.5) = 0.35 + 0.15 = 0.5
\]

---

### ✅ Final Answer:
\[
\boxed{0.5}
\]

This makes sense intuitively — even though the channel flips bits 30% of the time, since the inputs are equally likely, the output distribution remains uniform.",0.5,0.0,0.06873569999999998
"For QPSK, if the symbol energy is 10 μJ, what is the energy per bit (in μJ)?","In QPSK (Quadrature Phase Shift Keying), each symbol represents 2 bits.

Given:
- Symbol energy \( E_s = 10 \, \mu\text{J} \)

Since each symbol carries 2 bits, the energy per bit \( E_b \) is:

\[
E_b = \frac{E_s}{\log_2(M)}
\]

For QPSK, \( M = 4 \), so \( \log_2(4) = 2 \).

\[
E_b = \frac{10 \, \mu\text{J}}{2} = 5 \, \mu\text{J}
\]

✅ Answer: **5 μJ**",5.0,1.0,0.06669039999999998
"In a (15,11) Hamming code, what is the minimum Hamming distance?","In a (15,11) Hamming code:

- **n = 15** is the block length (total number of bits in each codeword)
- **k = 11** is the number of information bits
- The number of parity bits is **r = n - k = 4**

For any Hamming code, the minimum Hamming distance **d_min** is always **3**.

This is because:
- Hamming codes are designed to detect up to 2 errors and correct 1 error
- A minimum distance of 3 means:
  - Any two valid codewords differ in at least 3 positions
  - Can detect up to 2 bit errors (since 2 < d_min)
  - Can correct 1 bit error (since ⌊(d_min-1)/2⌋ = ⌊2/2⌋ = 1)

✅ Therefore, the minimum Hamming distance for a (15,11) Hamming code is **3**.",3.0,1.0,0.06751949999999997
"For a uniform quantizer with 12 bits, what is the SQNR (in dB) for a full-scale sinusoid?","For a uniform quantizer with \( b = 12 \) bits, the Signal-to-Quantization Noise Ratio (SQNR) for a full-scale sinusoidal signal is given by the formula:

\[
\text{SQNR (dB)} = 6.02b + 1.76
\]

This formula assumes:
- The input signal is a full-scale sinusoid (i.e., it spans the full dynamic range of the quantizer).
- The quantizer is uniform and mid-rise or mid-tread type.
- The quantization noise is uniformly distributed and uncorrelated with the signal.

Substitute \( b = 12 \):

\[
\text{SQNR} = 6.02 \times 12 + 1.76 = 72.24 + 1.76 = 74.00 \, \text{dB}
\]

✅ **Answer: 74.0 dB**",74.0,1.0,0.06885864999999998
A channel has bandwidth 1 MHz and SNR 6 dB. What is the Shannon capacity (in Mbps)?,"To calculate the **Shannon capacity** of a channel, we use the Shannon-Hartley theorem:

\[
C = B \log_2(1 + \text{SNR})
\]

Where:
- \( C \) = channel capacity in bits per second (bps)
- \( B \) = bandwidth in Hz
- SNR = signal-to-noise ratio (linear, not in dB)

---

### Given:
- Bandwidth \( B = 1 \, \text{MHz} = 1 \times 10^6 \, \text{Hz} \)
- SNR = 6 dB

We must convert SNR from decibels to a linear scale:

\[
\text{SNR (linear)} = 10^{\frac{\text{SNR (dB)}}{10}} = 10^{\frac{6}{10}} = 10^{0.6} \approx 3.981
\]

Now plug into the formula:

\[
C = 10^6 \times \log_2(1 + 3.981) = 10^6 \times \log_2(4.981)
\]

Calculate \( \log_2(4.981) \):

\[
\log_2(4.981) = \frac{\log_{10}(4.981)}{\log_{10}(2)} \approx \frac{0.6973}{0.3010} \approx 2.316
\]

Now multiply:

\[
C \approx 10^6 \times 2.316 = 2,316,000 \, \text{bps} = 2.316 \, \text{Mbps}
\]

---

### ✅ Final Answer:
**2.316 Mbps**",1.5,0.0,0.07056624999999998
"For BPSK, if the bit duration is 0.2 μs, what is the null-to-null bandwidth (in MHz)?","For BPSK (Binary Phase Shift Keying), the null-to-null bandwidth is determined by the bit rate and the modulation scheme.

Given:
- Bit duration, \( T_b = 0.2 \, \mu\text{s} = 0.2 \times 10^{-6} \, \text{s} \)

Step 1: Calculate the bit rate
\[
R_b = \frac{1}{T_b} = \frac{1}{0.2 \times 10^{-6}} = 5 \times 10^6 \, \text{bits per second} = 5 \, \text{Mbps}
\]

Step 2: Null-to-null bandwidth for BPSK
For BPSK with rectangular pulses, the first nulls of the spectrum occur at:
\[
f = \frac{1}{T_b} = R_b
\]
So the null-to-null bandwidth is:
\[
B_{\text{null-to-null}} = 2 \times \frac{1}{T_b} = 2R_b
\]

This is because the main lobe of the BPSK spectrum extends from \( -R_b \) to \( +R_b \), so the total width is \( 2R_b \).

Thus:
\[
B_{\text{null-to-null}} = 2 \times 5 \, \text{MHz} = 10 \, \text{MHz}
\]

✅ Final Answer:
**10 MHz**",10.0,0.5,0.07075884999999998
"In a binary system, if the bit error probability is 0.001, what is the probability that a 8-bit word has no error?","In a binary system, if the bit error probability is \( p = 0.001 \), then the probability that a single bit is **correct** (i.e., no error) is:

\[
1 - p = 1 - 0.001 = 0.999
\]

For an 8-bit word to have **no errors**, all 8 bits must be correct. Assuming each bit is independent, the probability that all 8 bits are correct is:

\[
(0.999)^8
\]

Now compute that:

\[
(0.999)^8 \approx 1 - 8 \times 0.001 + \frac{8 \times 7}{2} \times (0.001)^2 - \cdots
\]

But for precision, let’s calculate directly:

\[
0.999^8 = e^{8 \ln(0.999)} \approx e^{8 \times (-0.0010005)} \approx e^{-0.008004} \approx 0.99202
\]

More accurately using direct multiplication or calculator:

\[
0.999^8 = 0.99202763
\]

### ✅ Final Answer:
\[
\boxed{0.9920}
\]

So, the probability that an 8-bit word has no error is approximately **0.9920**.",0.992,1.0,0.07031929999999999
A PCM system samples at 10 kHz and uses 8 bits per sample. What is the data rate (in kbps)?,"To calculate the data rate of a PCM (Pulse Code Modulation) system:

**Given:**
- Sampling rate = 10 kHz = 10,000 samples per second  
- Bits per sample = 8 bits

**Data rate** = Sampling rate × Bits per sample  
= 10,000 samples/second × 8 bits/sample  
= 80,000 bits per second  
= **80 kbps**

✅ Answer: **80 kbps**",80.0,0.5,0.06675634999999998
"For a raised-cosine filter with α=0.4, what is the absolute bandwidth if the symbol rate is 5 MBaud?","To calculate the absolute bandwidth of a raised-cosine filter, we use the formula:

\[
B = \frac{R_s}{2} (1 + \alpha)
\]

Where:
- \( B \) is the absolute bandwidth (in Hz),
- \( R_s \) is the symbol rate (in symbols per second or Baud),
- \( \alpha \) is the roll-off factor (0 ≤ α ≤ 1).

Given:
- \( R_s = 5 \, \text{MBaud} = 5 \times 10^6 \, \text{Baud} \),
- \( \alpha = 0.4 \),

Substitute into the formula:

\[
B = \frac{5 \times 10^6}{2} (1 + 0.4) = 2.5 \times 10^6 \times 1.4 = 3.5 \times 10^6 \, \text{Hz}
\]

So, the absolute bandwidth is:

**3.5 MHz** ✅",3500000.0,1.0,0.06919784999999998
"If the modulation index of FM is 4 and the modulating frequency is 1 kHz, what is the frequency deviation (in kHz)?","In Frequency Modulation (FM), the modulation index (β) is defined as:

\[
\beta = \frac{\Delta f}{f_m}
\]

Where:
- \( \Delta f \) = frequency deviation (in kHz or Hz)
- \( f_m \) = modulating frequency (in kHz or Hz)
- \( \beta \) = modulation index

Given:
- \( \beta = 4 \)
- \( f_m = 1 \text{ kHz} \)

Rearranging the formula to solve for \( \Delta f \):

\[
\Delta f = \beta \times f_m = 4 \times 1 \text{ kHz} = 4 \text{ kHz}
\]

✅ **Answer: 4 kHz**",4.0,0.5,0.06789389999999998
"In a digital communication system, the symbol rate is 1 MBaud and the bandwidth is 800 kHz. What is the spectral efficiency (in bps/Hz)?","To calculate the **spectral efficiency** in bits per second per Hertz (bps/Hz), we use the formula:

\[
\text{Spectral Efficiency} = \frac{\text{Bit Rate}}{\text{Bandwidth}}
\]

However, in this problem, we are given the **symbol rate** (in Baud), not the bit rate. So we need to determine the number of bits per symbol.

The key insight is that the symbol rate and bandwidth are related by the **Nyquist formula** for ideal channel capacity:

\[
\text{Symbol Rate} \leq 2 \times \text{Bandwidth}
\]

Given:
- Symbol Rate = 1 MBaud = 1 × 10⁶ symbols/second
- Bandwidth = 800 kHz = 800 × 10³ Hz

Check if this fits Nyquist:
\[
2 \times 800 \text{ kHz} = 1600 \text{ kHz} = 1.6 \text{ MBaud}
\]

The symbol rate (1 MBaud) is less than 1.6 MBaud — so it's feasible.

Now, the spectral efficiency depends on how many bits are encoded per symbol. Since no modulation scheme is specified, we assume the **maximum possible spectral efficiency** for the given symbol rate and bandwidth — i.e., that the system is using **binary signaling** (1 bit per symbol), which is the baseline.

But wait — actually, since the symbol rate is **less than** the Nyquist limit, we can do better: we can pack more bits per symbol. The actual spectral efficiency is determined by how efficiently the system uses the bandwidth.

In general, for a system using M-ary signaling (M levels per symbol), the bit rate is:

\[
\text{Bit Rate} = \text{Symbol Rate} \times \log_2(M)
\]

And spectral efficiency becomes:

\[
\eta = \frac{\text{Bit Rate}}{\text{Bandwidth}} = \frac{\text{Symbol Rate} \times \log_2(M)}{\text{Bandwidth}}
\]

We can find the maximum possible spectral efficiency by checking what’s allowed by the bandwidth. The Shannon-Hartley theorem gives the theoretical maximum:

\[
C = B \log_2(1 + \text{SNR})
\]

But SNR is not given — so we must assume the system is operating at full efficiency using the given symbol rate and bandwidth.

Alternatively, the simplest interpretation — especially in exam or textbook problems — is to assume that the symbol rate equals the bandwidth times some factor, and spectral efficiency is just:

\[
\eta = \frac{\text{Symbol Rate}}{\text{Bandwidth}} \quad (\text{assuming 1 bit/symbol})
\]

So:

\[
\eta = \frac{1 \times 10^6 \text{ Baud}}{800 \times 10^3 \text{ Hz}} = \frac{1000}{800} = 1.25 \text{ bps/Hz}
\]

This assumes 1 bit per symbol — i.e., binary modulation (like BPSK).

✅ Final Answer:
**1.25 bps/Hz**",1.25,0.0,0.07600024999999999
"For a Gaussian distribution with mean 0 and variance 9, what is the probability that the value is greater than 3?","We are given a Gaussian (normal) distribution with:

- Mean μ = 0  
- Variance σ² = 9 → Standard deviation σ = √9 = 3

We are asked to find the probability that a value X is greater than 3:

$$
P(X > 3)
$$

### Step 1: Standardize the variable
Convert X to a standard normal variable Z using:

$$
Z = \frac{X - \mu}{\sigma} = \frac{3 - 0}{3} = 1
$$

So:
$$
P(X > 3) = P(Z > 1)
$$

### Step 2: Use the standard normal table or known values
From standard normal distribution tables or a calculator:

$$
P(Z > 1) = 1 - P(Z \leq 1) = 1 - \Phi(1)
$$

Where Φ(1) ≈ 0.8413

$$
P(Z > 1) = 1 - 0.8413 = 0.1587
$$

### ✅ Final Answer:
$$
\boxed{0.1587}
$$

So, the probability that a value from this Gaussian distribution is greater than 3 is approximately **0.1587** or **15.87%**.",0.1587,0.0,0.07127404999999998
"A binary source emits symbols with probabilities P(0)=0.6, P(1)=0.4. What is the entropy (in bits per symbol)?","To calculate the entropy of a binary source, we use the formula:

\[
H = -\sum_{i} p_i \log_2 p_i
\]

For a binary source with symbols 0 and 1:

- \( P(0) = 0.6 \)
- \( P(1) = 0.4 \)

So the entropy is:

\[
H = -[P(0) \log_2 P(0) + P(1) \log_2 P(1)]
\]
\[
H = -[0.6 \log_2(0.6) + 0.4 \log_2(0.4)]
\]

Now compute each term:

- \( \log_2(0.6) = \frac{\ln(0.6)}{\ln(2)} \approx \frac{-0.5108}{0.6931} \approx -0.737 \)
- \( \log_2(0.4) = \frac{\ln(0.4)}{\ln(2)} \approx \frac{-0.9163}{0.6931} \approx -1.322 \)

Now plug in:

\[
H = -[0.6 \times (-0.737) + 0.4 \times (-1.322)]
\]
\[
H = -[-0.4422 - 0.5288] = -[-0.971] = 0.971 \text{ bits per symbol}
\]

✅ Final Answer: **≈ 0.971 bits per symbol**",0.971,1.0,0.07433524999999999
"In QPSK, if the bit energy is 3 μJ, what is the symbol energy (in μJ)?","In QPSK (Quadrature Phase Shift Keying), each symbol represents **2 bits**.

Given:
- Bit energy \( E_b = 3 \, \mu\text{J} \)

Since each symbol carries 2 bits, the symbol energy \( E_s \) is:

\[
E_s = 2 \times E_b = 2 \times 3 \, \mu\text{J} = 6 \, \mu\text{J}
\]

✅ Answer: **6 μJ**",6.0,1.0,0.06943839999999998
"For a (31,26) Hamming code, what is the number of parity bits?","A (n, k) Hamming code has:

- n = total number of bits in the codeword  
- k = number of data bits  
- r = number of parity bits  

The relationship between them is:  
**n = k + r**  
and for Hamming codes, the number of parity bits must satisfy:  
**2^r ≥ n + 1**

Given:
- n = 31
- k = 26

Then:
- r = n − k = 31 − 26 = **5**

Let’s verify if this satisfies the Hamming constraint:
- 2^r = 2^5 = 32
- n + 1 = 31 + 1 = 32
- So, 2^r = n + 1 → ✅ Satisfied

✅ Therefore, the number of parity bits is **5**.",5.0,1.0,0.07138949999999998
"If the SNR at the input of a quantizer is 25 dB and the SQNR is 35 dB, what is the processing gain (in dB)?","The **processing gain** of a quantizer is defined as the difference between the Signal-to-Quantization-Noise Ratio (SQNR) and the Signal-to-Noise Ratio (SNR) at the input:

\[
\text{Processing Gain (dB)} = \text{SQNR (dB)} - \text{SNR (dB)}
\]

Given:
- SNR (input) = 25 dB
- SQNR = 35 dB

So,

\[
\text{Processing Gain} = 35\ \text{dB} - 25\ \text{dB} = 10\ \text{dB}
\]

✅ **Answer: 10 dB**",10.0,1.0,0.07084919999999999
"For a sinusoidal modulating signal, what is the modulation index if the carrier amplitude is 12 V and the sideband amplitude is 4 V?","To find the modulation index (m) for a sinusoidal modulating signal, we use the relationship between the carrier amplitude (A_c) and the sideband amplitude (A_sb):

\[
A_{sb} = \frac{m \cdot A_c}{2}
\]

Given:
- Carrier amplitude, \( A_c = 12 \) V
- Sideband amplitude, \( A_{sb} = 4 \) V

Substitute into the formula:

\[
4 = \frac{m \cdot 12}{2}
\]

Solve for m:

\[
4 = 6m \\
m = \frac{4}{6} = \frac{2}{3} \approx 0.67
\]

✅ Final Answer:  
**Modulation index \( m = \frac{2}{3} \) or approximately 0.67**",0.667,1.0,0.07206044999999998
"In a binary symmetric channel, if the crossover probability is 0.15, what is the channel capacity (in bits per use)?","The channel capacity \( C \) of a **binary symmetric channel (BSC)** with crossover probability \( p \) is given by:

\[
C = 1 - H(p)
\]

where \( H(p) \) is the binary entropy function:

\[
H(p) = -p \log_2 p - (1 - p) \log_2 (1 - p)
\]

Given:
- \( p = 0.15 \)

### Step 1: Compute \( H(0.15) \)

\[
H(0.15) = -0.15 \log_2 0.15 - 0.85 \log_2 0.85
\]

We compute each term:

- \( \log_2 0.15 = \frac{\ln 0.15}{\ln 2} \approx \frac{-1.89712}{0.6931} \approx -2.737 \)
- So, \( -0.15 \times (-2.737) \approx 0.4106 \)

- \( \log_2 0.85 = \frac{\ln 0.85}{\ln 2} \approx \frac{-0.16252}{0.6931} \approx -0.2344 \)
- So, \( -0.85 \times (-0.2344) \approx 0.1992 \)

Add them:

\[
H(0.15) \approx 0.4106 + 0.1992 = 0.6098 \text{ bits}
\]

### Step 2: Compute capacity

\[
C = 1 - H(0.15) \approx 1 - 0.6098 = 0.3902 \text{ bits per use}
\]

### ✅ Final Answer:
**0.390 bits per use** (approximately)",0.39,1.0,0.07505334999999999
A signal has bandwidth 20 kHz and is sampled at 50 kHz. What is the Nyquist rate (in kHz)?,"The **Nyquist rate** is defined as **twice the highest frequency component** (i.e., the bandwidth) of a signal.

Given:
- Bandwidth = 20 kHz

So, the Nyquist rate is:

\[
\text{Nyquist rate} = 2 \times \text{bandwidth} = 2 \times 20\ \text{kHz} = 40\ \text{kHz}
\]

✅ **Answer: 40 kHz**

Note: The sampling rate (50 kHz) is higher than the Nyquist rate (40 kHz), which means the signal can be reconstructed without aliasing.",40.0,0.5,0.07194804999999999
"For BPSK, if the required Eb/N0 for BER=10^-7 is 11.3 dB, what is the linear γ?","To find the linear γ (gamma) for BPSK given that the required \( E_b/N_0 = 11.3 \, \text{dB} \) for a BER of \( 10^{-7} \), we convert the dB value to a linear scale.

The formula to convert from dB to linear is:

\[
\gamma = 10^{(E_b/N_0 \, \text{in dB}) / 10}
\]

Substitute \( E_b/N_0 = 11.3 \, \text{dB} \):

\[
\gamma = 10^{11.3 / 10} = 10^{1.13}
\]

Now calculate:

\[
10^{1.13} \approx 13.49
\]

So, the linear γ is approximately:

**13.49**",13.49,1.0,0.07335585
"In a PCM system, if the signal is quantized into 256 levels, how many bits per sample are needed?","In a PCM (Pulse Code Modulation) system, the number of bits per sample required to represent a given number of quantization levels is determined by the formula:

\[
\text{Number of bits} = \log_2(\text{Number of levels})
\]

Given that the signal is quantized into **256 levels**:

\[
\log_2(256) = 8
\]

So, **8 bits per sample** are needed.

✅ Answer: **8 bits per sample**.",8.0,1.0,0.07232889999999999
"For a rectangular pulse of duration T, what is the energy spectral density at f=0.5/T?","For a rectangular pulse of duration \( T \), the energy spectral density (ESD) is given by the square of the magnitude of its Fourier transform.

The rectangular pulse can be defined as:

\[
x(t) = 
\begin{cases}
1, & |t| \leq \frac{T}{2} \\
0, & \text{otherwise}
\end{cases}
\]

The Fourier transform of this pulse is:

\[
X(f) = T \cdot \text{sinc}(fT)
\]
where \( \text{sinc}(x) = \frac{\sin(\pi x)}{\pi x} \).

Therefore, the energy spectral density is:

\[
S_{xx}(f) = |X(f)|^2 = T^2 \cdot \text{sinc}^2(fT)
\]

Now, evaluate at \( f = \frac{0.5}{T} \):

\[
S_{xx}\left( \frac{0.5}{T} \right) = T^2 \cdot \text{sinc}^2\left( \frac{0.5}{T} \cdot T \right) = T^2 \cdot \text{sinc}^2(0.5)
\]

Recall:
\[
\text{sinc}(0.5) = \frac{\sin(\pi \cdot 0.5)}{\pi \cdot 0.5} = \frac{\sin(\pi/2)}{\pi/2} = \frac{1}{\pi/2} = \frac{2}{\pi}
\]

So:
\[
\text{sinc}^2(0.5) = \left( \frac{2}{\pi} \right)^2 = \frac{4}{\pi^2}
\]

Finally:
\[
S_{xx}\left( \frac{0.5}{T} \right) = T^2 \cdot \frac{4}{\pi^2} = \frac{4T^2}{\pi^2}
\]

✅ **Answer:**  
\[
\frac{4T^2}{\pi^2}
\]",0.405 A^2 T^2,1.0,0.07532964999999998
"In a digital system, if the bit rate is 40 Mbps and the modulation is 64-QAM, what is the symbol rate (in MBaud)?","To find the symbol rate (in MBaud) given the bit rate and modulation scheme, we use the relationship:

\[
\text{Symbol Rate} = \frac{\text{Bit Rate}}{\log_2(M)}
\]

Where:
- Bit Rate = 40 Mbps
- Modulation = 64-QAM → M = 64
- \(\log_2(64) = 6\) (since \(2^6 = 64\))

So,

\[
\text{Symbol Rate} = \frac{40 \text{ Mbps}}{6} = \frac{40}{6} \approx 6.67 \text{ MBaud}
\]

✅ Final Answer: **6.67 MBaud**",6.67,0.5,0.07395855
A source emits symbols from an alphabet of size 256 with equal probability. What is the entropy per symbol (in bits)?,"To calculate the entropy per symbol for a source that emits symbols from an alphabet of size 256 with equal probability, we use the formula for entropy of a discrete memoryless source:

\[
H = \log_2(N)
\]

where:
- \( N \) is the number of possible symbols (alphabet size),
- The logarithm is base 2 because we want the result in **bits**.

Given:
- \( N = 256 \)

So:

\[
H = \log_2(256)
\]

We know that:

\[
256 = 2^8
\]

Therefore:

\[
H = \log_2(2^8) = 8
\]

✅ **Answer: 8 bits per symbol**.",8.0,1.0,0.07313725
"For a matched filter, if the input SNR is -3 dB and the processing gain is 12 dB, what is the output SNR (in dB)?","To calculate the output SNR of a matched filter, we use the relationship:

\[
\text{Output SNR (dB)} = \text{Input SNR (dB)} + \text{Processing Gain (dB)}
\]

Given:
- Input SNR = -3 dB
- Processing Gain = 12 dB

Now plug in the values:

\[
\text{Output SNR} = -3 \, \text{dB} + 12 \, \text{dB} = 9 \, \text{dB}
\]

✅ **Answer: 9 dB**",9.0,1.0,0.030349000000000004
"In an AM system, if the modulation index is 0.6 and the carrier power is 80 W, what is the sideband power (in W)?","In amplitude modulation (AM), the total power is the sum of the carrier power and the sideband power. The sideband power depends on the modulation index.

Given:
- Modulation index, \( m = 0.6 \)
- Carrier power, \( P_c = 80 \, \text{W} \)

The total power in an AM wave is:

\[
P_{\text{total}} = P_c \left(1 + \frac{m^2}{2}\right)
\]

But we are asked for the **sideband power**, which is:

\[
P_{\text{sideband}} = P_c \cdot \frac{m^2}{2}
\]

Plug in the values:

\[
P_{\text{sideband}} = 80 \cdot \frac{(0.6)^2}{2} = 80 \cdot \frac{0.36}{2} = 80 \cdot 0.18 = 14.4 \, \text{W}
\]

✅ Final Answer: **14.4 W**",14.4,1.0,0.0319888
"For a binary symmetric channel with ε=0.08, what is the probability of receiving a 0 if a 1 was sent?","In a binary symmetric channel (BSC), the probability of receiving a bit that is different from the one sent is denoted by ε, the crossover probability.

Given:
- ε = 0.08

If a **1 was sent**, the probability of receiving a **0** is exactly the crossover probability ε.

Therefore, the probability of receiving a **0** if a **1 was sent** is:

**0.08**",0.08,1.0,0.030272500000000004
A channel has bandwidth 300 kHz and SNR 5 dB. What is the Shannon capacity (in kbps)?,"To calculate the **Shannon capacity** of a communication channel, we use the Shannon-Hartley theorem:

\[
C = B \log_2(1 + \text{SNR})
\]

Where:
- \( C \) = channel capacity in bits per second (bps)
- \( B \) = bandwidth in Hz
- SNR = signal-to-noise ratio (linear, not in dB)

---

### Given:
- Bandwidth \( B = 300 \, \text{kHz} = 300,000 \, \text{Hz} \)
- SNR = 5 dB

First, convert SNR from decibels to a linear scale:

\[
\text{SNR}_{\text{linear}} = 10^{\frac{\text{SNR}_{\text{dB}}}{10}} = 10^{\frac{5}{10}} = 10^{0.5} \approx 3.1623
\]

Now plug into the formula:

\[
C = 300,000 \times \log_2(1 + 3.1623) = 300,000 \times \log_2(4.1623)
\]

Calculate \( \log_2(4.1623) \):

\[
\log_2(4.1623) = \frac{\log_{10}(4.1623)}{\log_{10}(2)} \approx \frac{0.6193}{0.3010} \approx 2.057
\]

Now compute capacity:

\[
C \approx 300,000 \times 2.057 = 617,100 \, \text{bps} = 617.1 \, \text{kbps}
\]

---

### ✅ Final Answer:
**617 kbps** (rounded to nearest kbps)",600.0,0.5,0.03607444999999999
"For a uniform quantizer with L=1024 levels and full-scale range 10 V, what is the step size Δ (in mV)?","To find the step size Δ of a uniform quantizer, we use the formula:

\[
\Delta = \frac{\text{Full-scale range}}{L}
\]

Given:
- Full-scale range = 10 V
- Number of levels \( L = 1024 \)

So,

\[
\Delta = \frac{10\ \text{V}}{1024} = \frac{10}{1024}\ \text{V}
\]

Calculate:

\[
\Delta = 0.009765625\ \text{V} = 9.765625\ \text{mV}
\]

**Answer:**  
\[
\Delta = 9.77\ \text{mV} \quad \text{(rounded to two decimal places)}
\]",9.77,1.0,0.03363659999999999
"In a QPSK system, if the symbol duration is 8 μs, what is the bit duration (in μs)?","In QPSK (Quadrature Phase Shift Keying), each symbol represents **2 bits**.

Given:
- Symbol duration = 8 μs

Since each symbol carries 2 bits, the bit duration is:

\[
\text{Bit duration} = \frac{\text{Symbol duration}}{2} = \frac{8\ \mu s}{2} = 4\ \mu s
\]

✅ Answer: **4 μs**",4.0,0.5,0.03164015
"A (n,k) code has n=63 and k=57. What is the number of parity bits?","In a block code denoted as (n, k), the parameters represent:

- **n** = total number of bits in each codeword (block length)  
- **k** = number of information bits (message length)  
- **r** = number of parity bits (redundancy)

The relationship is:

\[
r = n - k
\]

Given:
- \( n = 63 \)
- \( k = 57 \)

So,

\[
r = 63 - 57 = 6
\]

✅ The number of parity bits is **6**.",6.0,1.0,0.03305179999999999
"For a sinusoidal modulating signal, what is the modulation index if the peak amplitude of the modulating signal is 4 V and the carrier amplitude is 20 V?","The modulation index (μ) for a sinusoidal modulating signal is given by the formula:

\[
\mu = \frac{A_m}{A_c}
\]

where:
- \( A_m \) = peak amplitude of the modulating signal
- \( A_c \) = peak amplitude of the carrier signal

Given:
- \( A_m = 4 \, \text{V} \)
- \( A_c = 20 \, \text{V} \)

Substitute the values:

\[
\mu = \frac{4}{20} = 0.2
\]

So, the modulation index is **0.2** or **20%**.",0.2,0.0,0.034805299999999983
"In a digital system, the symbol error rate is 10^-4. If the modulation is 16-QAM with Gray coding, what is approximate bit error rate?","For 16-QAM with Gray coding, the bit error rate (BER) can be approximated from the symbol error rate (SER) using the relationship:

\[
\text{BER} \approx \frac{\text{SER}}{\log_2 M}
\]

where:
- \( M = 16 \) (since it's 16-QAM),
- \( \log_2 16 = 4 \),
- SER = \( 10^{-4} \).

So,

\[
\text{BER} \approx \frac{10^{-4}}{4} = 2.5 \times 10^{-5}
\]

✅ **Answer:** Approximately \( 2.5 \times 10^{-5} \)",2.5e-05,0.0,0.03643439999999999
"For a raised-cosine filter with α=0.6 and symbol rate 2 MBaud, what is the absolute bandwidth (in MHz)?","To calculate the absolute bandwidth of a raised-cosine filter, we use the formula:

\[
B = \frac{R_s}{2} (1 + \alpha)
\]

Where:
- \( B \) = absolute bandwidth (in Hz)
- \( R_s \) = symbol rate (in symbols per second)
- \( \alpha \) = roll-off factor

Given:
- \( R_s = 2 \, \text{MBaud} = 2 \times 10^6 \, \text{symbols/sec} \)
- \( \alpha = 0.6 \)

Plug in the values:

\[
B = \frac{2 \times 10^6}{2} (1 + 0.6) = 1 \times 10^6 \times 1.6 = 1.6 \times 10^6 \, \text{Hz}
\]

Convert to MHz:

\[
B = 1.6 \, \text{MHz}
\]

✅ Final Answer: **1.6 MHz**",1.6,0.5,0.035809949999999986
"A source emits symbols with probabilities 0.4, 0.3, 0.2, 0.1. What is the entropy (in bits per symbol)?","To calculate the **entropy** of a discrete source, we use the formula:

\[
H = -\sum_{i=1}^{n} p_i \log_2 p_i
\]

Given the symbol probabilities:

- \( p_1 = 0.4 \)
- \( p_2 = 0.3 \)
- \( p_3 = 0.2 \)
- \( p_4 = 0.1 \)

We compute each term:

1. \( 0.4 \log_2 \frac{1}{0.4} = 0.4 \log_2(2.5) \approx 0.4 \times 1.3219 = 0.52876 \)
2. \( 0.3 \log_2 \frac{1}{0.3} = 0.3 \log_2(3.\overline{3}) \approx 0.3 \times 1.58496 = 0.47549 \)
3. \( 0.2 \log_2 \frac{1}{0.2} = 0.2 \log_2(5) \approx 0.2 \times 2.32193 = 0.46439 \)
4. \( 0.1 \log_2 \frac{1}{0.1} = 0.1 \log_2(10) \approx 0.1 \times 3.32193 = 0.33219 \)

Now sum them:

\[
H \approx 0.52876 + 0.47549 + 0.46439 + 0.33219 = 1.80083 \text{ bits per symbol}
\]

✅ Final Answer:
\[
\boxed{1.80} \text{ bits per symbol (approximately)}
\]",1.846,0.9,0.03977179999999999
"In a PCM system, if the sampling frequency is 44.1 kHz and each sample is represented by 16 bits, what is the bit rate (in Mbps)?","To calculate the bit rate of a PCM (Pulse Code Modulation) system:

**Given:**
- Sampling frequency = 44.1 kHz = 44,100 samples per second  
- Bits per sample = 16 bits

**Bit rate (in bits per second)** = Sampling frequency × Bits per sample  
= 44,100 samples/sec × 16 bits/sample  
= 705,600 bits per second

Now convert to Mbps (megabits per second):  
705,600 bps = 0.7056 Mbps

**Answer:**  
**0.7056 Mbps**",0.7056,0.5,0.03713479999999999
"For a binary symmetric channel, if the error probability is 0.12, what is the channel capacity (in bits per use)?","The channel capacity \( C \) of a **binary symmetric channel (BSC)** with error probability \( p \) is given by:

\[
C = 1 - H(p)
\]

where \( H(p) \) is the binary entropy function:

\[
H(p) = -p \log_2 p - (1 - p) \log_2 (1 - p)
\]

Given:
- \( p = 0.12 \)

### Step 1: Compute \( H(0.12) \)

\[
H(0.12) = -0.12 \log_2 0.12 - 0.88 \log_2 0.88
\]

We compute each term:

- \( \log_2 0.12 = \frac{\ln 0.12}{\ln 2} \approx \frac{-2.1203}{0.6931} \approx -3.059 \)
- So, \( -0.12 \times (-3.059) = 0.3671 \)

- \( \log_2 0.88 = \frac{\ln 0.88}{\ln 2} \approx \frac{-0.1278}{0.6931} \approx -0.1844 \)
- So, \( -0.88 \times (-0.1844) = 0.1623 \)

Add them:

\[
H(0.12) \approx 0.3671 + 0.1623 = 0.5294 \text{ bits}
\]

### Step 2: Compute capacity

\[
C = 1 - H(0.12) = 1 - 0.5294 = 0.4706 \text{ bits per use}
\]

### ✅ Final Answer:
**0.4706 bits per use** (rounded to 4 decimal places)",0.436,0.0,0.04507979999999998
What is the bandwidth of a DSB-SC signal if the modulating signal has bandwidth 8 kHz?,"For a Double Sideband Suppressed Carrier (DSB-SC) signal, the bandwidth is **twice** the bandwidth of the modulating (baseband) signal.

Given:
- Bandwidth of the modulating signal = 8 kHz

Then:
- Bandwidth of the DSB-SC signal = 2 × 8 kHz = **16 kHz**

✅ Answer: **16 kHz**",16000.0,1.0,0.036125749999999984
"For a rectangular pulse of width T, what is the 30-dB bandwidth (in terms of 1/T)?","The 30-dB bandwidth of a rectangular pulse of width \( T \) refers to the frequency range over which the magnitude of the Fourier transform (spectrum) of the pulse drops by 30 dB from its peak value.

### Step-by-step:

1. **Fourier Transform of a Rectangular Pulse**:
   The Fourier transform of a rectangular pulse of duration \( T \) and amplitude 1 is:
   \[
   \text{FT}[ \text{rect}(t/T) ] = T \cdot \text{sinc}(fT)
   \]
   where \( \text{sinc}(x) = \frac{\sin(\pi x)}{\pi x} \), or sometimes defined as \( \text{sinc}(x) = \frac{\sin(x)}{x} \).  
   In signal processing, the most common definition is:
   \[
   \text{sinc}(x) = \frac{\sin(\pi x)}{\pi x}
   \]

   So the spectrum is:
   \[
   X(f) = T \cdot \text{sinc}(fT)
   \]

2. **Peak Value**:
   The peak of the spectrum occurs at \( f = 0 \):
   \[
   |X(0)| = T
   \]

3. **30-dB Point**:
   We want the frequency \( f_{30} \) where:
   \[
   |X(f_{30})| = 10^{-30/20} \cdot |X(0)| = 10^{-1.5} \cdot T \approx 0.03162 \cdot T
   \]

   So:
   \[
   |T \cdot \text{sinc}(f_{30}T)| = 0.03162 \cdot T
   \Rightarrow |\text{sinc}(f_{30}T)| = 0.03162
   \]

4. **Solve for \( f_{30} \)**:
   Let \( x = f_{30}T \). Solve \( |\text{sinc}(x)| = 0.03162 \).

   Using numerical methods or tables:
   - \( \text{sinc}(x) = 0.03162 \) ⇒ \( x \approx 4.75 \) (this is a known value for sinc ≈ 0.03162; see sinc function tables)

   So:
   \[
   f_{30}T \approx 4.75 \Rightarrow f_{30} \approx \frac{4.75}{T}
   \]

### ✅ Final Answer:
The 30-dB bandwidth of a rectangular pulse of width \( T \) is approximately:
\[
\boxed{\frac{4.75}{T}}
\]",0.15,0.0,0.04278899999999999
"If the bit rate is 12 Mbps and the modulation is BPSK, what is the null-to-null bandwidth (in MHz)?","For BPSK (Binary Phase Shift Keying), the null-to-null bandwidth is approximately equal to the bit rate.

This is because BPSK has a spectral efficiency of 1 bit/s/Hz, meaning the bandwidth required for transmission is roughly equal to the bit rate.

Given:
- Bit rate = 12 Mbps

Therefore, the null-to-null bandwidth ≈ 12 MHz.

✅ Answer: **12 MHz**",24.0,0.0,0.03661264999999999
A source emits symbols from an alphabet of size 1024 with equal probability. What is the entropy per symbol (in bits)?,"To calculate the entropy per symbol for a source that emits symbols from an alphabet of size 1024 with equal probability, we use the formula for entropy of a discrete memoryless source:

\[
H = \log_2(N)
\]

where:
- \( N \) is the number of equally probable symbols,
- \( H \) is the entropy in bits per symbol.

Given:
- \( N = 1024 \)

Now compute:

\[
H = \log_2(1024)
\]

Since \( 1024 = 2^{10} \), we have:

\[
H = \log_2(2^{10}) = 10
\]

✅ Final Answer:
**10 bits per symbol**",10.0,1.0,0.038196899999999985
"In a digital system, the noise power is 10^{-9} W and signal power is 10^{-6} W. What is SNR in dB?","To calculate the Signal-to-Noise Ratio (SNR) in decibels (dB), use the formula:

\[
\text{SNR (dB)} = 10 \log_{10} \left( \frac{\text{Signal Power}}{\text{Noise Power}} \right)
\]

Given:
- Signal Power = \( 10^{-6} \) W  
- Noise Power = \( 10^{-9} \) W  

Substitute into the formula:

\[
\text{SNR (dB)} = 10 \log_{10} \left( \frac{10^{-6}}{10^{-9}} \right) = 10 \log_{10} (10^{3}) = 10 \times 3 = 30 \, \text{dB}
\]

✅ Final Answer: **30 dB**",30.0,1.0,0.03876234999999999
"For a matched filter, if the input signal energy is 2 μJ and noise PSD N0=2×10^{-12} W/Hz, what is the output SNR (linear)?","To calculate the output Signal-to-Noise Ratio (SNR) for a matched filter, we use the fundamental formula:

\[
\text{SNR}_{\text{out}} = \frac{2E}{N_0}
\]

Where:
- \( E \) is the energy of the input signal (in joules),
- \( N_0 \) is the noise power spectral density (in W/Hz).

Given:
- Signal energy \( E = 2 \, \mu\text{J} = 2 \times 10^{-6} \, \text{J} \),
- Noise PSD \( N_0 = 2 \times 10^{-12} \, \text{W/Hz} \).

Now plug into the formula:

\[
\text{SNR}_{\text{out}} = \frac{2 \times (2 \times 10^{-6})}{2 \times 10^{-12}} = \frac{4 \times 10^{-6}}{2 \times 10^{-12}} = 2 \times 10^{6}
\]

So, the output SNR (linear) is:

\[
\boxed{2 \times 10^6}
\]",2000000.0,0.0,0.03951159999999999
"If the sampling rate is 30 kHz, what is the maximum analog frequency (in kHz) that can be represented?","According to the **Nyquist-Shannon sampling theorem**, the maximum analog frequency that can be accurately represented without aliasing is **half the sampling rate**.

Given:
- Sampling rate = 30 kHz

Maximum analog frequency =  
\[
\frac{30\ \text{kHz}}{2} = 15\ \text{kHz}
\]

✅ **Answer: 15 kHz**",15.0,0.5,0.03824894999999998
"A binary symmetric channel has crossover probability 0.4. If the input symbols are equally likely, what is the probability of receiving a 1?","We are given:

- A binary symmetric channel (BSC) with crossover probability \( p = 0.4 \)
- Input symbols are equally likely: \( P(X = 0) = P(X = 1) = 0.5 \)

We are asked to find the probability of receiving a 1, i.e., \( P(Y = 1) \).

---

### Step-by-step solution:

The output \( Y \) depends on the input \( X \) and the channel behavior.

We use the law of total probability:

\[
P(Y = 1) = P(Y = 1 | X = 0)P(X = 0) + P(Y = 1 | X = 1)P(X = 1)
\]

From the BSC model:
- If \( X = 0 \), then \( Y = 1 \) with probability \( p = 0.4 \) (crossover)
- If \( X = 1 \), then \( Y = 1 \) with probability \( 1 - p = 0.6 \) (no crossover)

So plug in the values:

\[
P(Y = 1) = (0.4)(0.5) + (0.6)(0.5)
\]
\[
= 0.2 + 0.3 = 0.5
\]

---

### ✅ Final Answer:
**0.5**

Even though the channel has a crossover probability of 0.4 (not symmetric in the sense of being fair), because the input is equally likely (0 and 1 each with 0.5), the output distribution remains uniform — meaning \( P(Y = 1) = 0.5 \).",0.5,1.0,0.04241774999999999
"For QPSK, if the symbol energy is 8 μJ, what is the energy per bit (in μJ)?","In QPSK (Quadrature Phase Shift Keying), each symbol represents 2 bits.

Given:
- Symbol energy \( E_s = 8 \, \mu\text{J} \)

Since each symbol carries 2 bits, the energy per bit \( E_b \) is:

\[
E_b = \frac{E_s}{\log_2 M}
\]

For QPSK, \( M = 4 \), so \( \log_2 4 = 2 \).

\[
E_b = \frac{8 \, \mu\text{J}}{2} = 4 \, \mu\text{J}
\]

✅ Answer: **4 μJ**",4.0,1.0,0.03986229999999999
"In a (7,4) Hamming code, what is the number of parity bits?","In a (7,4) Hamming code:

- The first number (7) represents the **total length** of the codeword (data + parity bits).
- The second number (4) represents the **number of data bits**.

To find the number of parity bits:

\[
\text{Number of parity bits} = \text{Total length} - \text{Data bits} = 7 - 4 = 3
\]

✅ So, the number of parity bits is **3**.",3.0,1.0,0.04001544999999999
"For a uniform quantizer with 14 bits, what is the SQNR (in dB) for a full-scale sinusoid?","To calculate the Signal-to-Quantization Noise Ratio (SQNR) for a full-scale sinusoid using a uniform quantizer with 14 bits, we use the well-known formula:

\[
\text{SQNR (dB)} = 6.02 \times n + 1.76
\]

where:
- \( n \) is the number of bits,
- The term \( 6.02 \times n \) accounts for the signal power increasing linearly with bit depth,
- The constant \( 1.76 \) dB accounts for the specific shape of the sinusoidal signal (compared to a full-scale uniformly distributed signal).

For \( n = 14 \):

\[
\text{SQNR} = 6.02 \times 14 + 1.76 = 84.28 + 1.76 = 86.04 \, \text{dB}
\]

✅ **Answer: 86.04 dB**",86.04,1.0,0.04170579999999998
A channel has bandwidth 2 MHz and SNR 8 dB. What is the Shannon capacity (in Mbps)?,"To calculate the Shannon capacity, we use the Shannon-Hartley theorem:

\[
C = B \log_2(1 + \text{SNR})
\]

Where:
- \( C \) is the channel capacity in bits per second (bps),
- \( B \) is the bandwidth in Hz,
- SNR is the signal-to-noise ratio (as a linear ratio, not in dB).

---

### Given:
- Bandwidth \( B = 2 \) MHz = \( 2 \times 10^6 \) Hz
- SNR = 8 dB

First, convert SNR from decibels to a linear scale:

\[
\text{SNR}_{\text{linear}} = 10^{\frac{\text{SNR}_{\text{dB}}}{10}} = 10^{\frac{8}{10}} = 10^{0.8} \approx 6.3096
\]

Now plug into the formula:

\[
C = 2 \times 10^6 \times \log_2(1 + 6.3096) = 2 \times 10^6 \times \log_2(7.3096)
\]

Calculate \( \log_2(7.3096) \):

\[
\log_2(7.3096) = \frac{\ln(7.3096)}{\ln(2)} \approx \frac{1.989}{0.6931} \approx 2.869
\]

Now compute capacity:

\[
C \approx 2 \times 10^6 \times 2.869 = 5.738 \times 10^6 \text{ bps} = 5.738 \text{ Mbps}
\]

---

### ✅ Final Answer:
**5.74 Mbps** (rounded to two decimal places)",5.55,0.5,0.045734599999999986
"For BPSK, if the bit duration is 0.1 μs, what is the null-to-null bandwidth (in MHz)?","For BPSK (Binary Phase Shift Keying), the null-to-null bandwidth is determined by the bit rate.

Given:
- Bit duration \( T_b = 0.1 \, \mu\text{s} = 0.1 \times 10^{-6} \, \text{s} \)

First, calculate the bit rate \( R_b \):
\[
R_b = \frac{1}{T_b} = \frac{1}{0.1 \times 10^{-6}} = 10 \, \text{Mbps}
\]

For a BPSK signal with rectangular pulse shaping, the null-to-null bandwidth (also called the first-null bandwidth) is:
\[
B_{\text{null-to-null}} = 2R_b
\]
This is because the Fourier transform of a rectangular pulse in time has a sinc-shaped spectrum, and the first nulls occur at \( \pm R_b \). So the total bandwidth from first null to first null is \( 2R_b \).

So:
\[
B_{\text{null-to-null}} = 2 \times 10 \, \text{Mbps} = 20 \, \text{MHz}
\]

✅ Final Answer: **20 MHz**",20.0,0.5,0.04381024999999998
"In a binary system, if the bit error probability is 0.005, what is the probability that a 10-bit word has exactly 2 errors?","We are given:

- Bit error probability: \( p = 0.005 \)
- Word length: \( n = 10 \) bits
- We want the probability of **exactly 2 errors** in a 10-bit word.

This is a classic binomial probability problem.

### Binomial Probability Formula:
\[
P(k \text{ errors}) = \binom{n}{k} p^k (1 - p)^{n - k}
\]

Plug in the values:
- \( n = 10 \)
- \( k = 2 \)
- \( p = 0.005 \)

\[
P(2) = \binom{10}{2} (0.005)^2 (1 - 0.005)^{8}
\]

Step-by-step:

1. \( \binom{10}{2} = \frac{10 \times 9}{2} = 45 \)
2. \( (0.005)^2 = 0.000025 \)
3. \( (0.995)^8 \approx ? \)

Use calculator for \( (0.995)^8 \):

\[
(0.995)^8 \approx e^{8 \ln(0.995)} \approx e^{8 \times (-0.0050125)} \approx e^{-0.0401} \approx 0.9608
\]

Alternatively, direct computation:
\[
0.995^8 = (1 - 0.005)^8 \approx 0.960596
\]

Now multiply all together:

\[
P(2) = 45 \times 0.000025 \times 0.960596
\]
\[
= 45 \times 0.0000240149
\]
\[
\approx 0.00108067
\]

### Final Answer:
\[
\boxed{0.00108}
\]

So, the probability that a 10-bit word has exactly 2 errors is approximately **0.00108**, or **0.108%**.",0.0041,0.0,0.04761174999999999
A PCM system samples at 12 kHz and uses 10 bits per sample. What is the data rate (in kbps)?,"To calculate the data rate of a PCM (Pulse Code Modulation) system:

**Data Rate (in kbps) = Sampling Rate × Bits per Sample**

Given:
- Sampling Rate = 12 kHz = 12,000 samples/second  
- Bits per Sample = 10 bits

So:

**Data Rate = 12,000 samples/sec × 10 bits/sample = 120,000 bits/sec**

Convert to kbps (kilobits per second):

**120,000 bps = 120 kbps**

✅ Final Answer: **120 kbps**",120.0,0.5,0.04310104999999998
"For a raised-cosine filter with α=0.7, what is the absolute bandwidth if the symbol rate is 10 MBaud?","To calculate the absolute bandwidth of a raised-cosine filter, we use the formula:

\[
B = \frac{R_s}{2} (1 + \alpha)
\]

Where:
- \( B \) = absolute bandwidth (in Hz),
- \( R_s \) = symbol rate (in baud),
- \( \alpha \) = roll-off factor.

Given:
- \( R_s = 10 \, \text{MBaud} = 10 \times 10^6 \, \text{baud} \),
- \( \alpha = 0.7 \).

Plug in the values:

\[
B = \frac{10 \times 10^6}{2} (1 + 0.7) = 5 \times 10^6 \times 1.7 = 8.5 \times 10^6 \, \text{Hz}
\]

So, the absolute bandwidth is:

✅ **8.5 MHz**.",8500000.0,1.0,0.04464444999999998
"If the modulation index of FM is 5 and the modulating frequency is 500 Hz, what is the frequency deviation (in kHz)?","To calculate the frequency deviation in Frequency Modulation (FM), we use the formula:

\[
\Delta f = m_f \times f_m
\]

Where:
- \( \Delta f \) = frequency deviation (in Hz)
- \( m_f \) = modulation index
- \( f_m \) = modulating frequency (in Hz)

Given:
- Modulation index (\( m_f \)) = 5
- Modulating frequency (\( f_m \)) = 500 Hz

Now plug in the values:

\[
\Delta f = 5 \times 500 = 2500 \text{ Hz}
\]

Convert to kHz:

\[
2500 \text{ Hz} = 2.5 \text{ kHz}
\]

✅ Final Answer: **2.5 kHz**",2.5,0.5,0.04442919999999998
"In a digital communication system, the symbol rate is 2 MBaud and the bandwidth is 1.5 MHz. What is the spectral efficiency (in bps/Hz)?","To calculate the **spectral efficiency** in **bps/Hz**, we use the formula:

\[
\text{Spectral Efficiency} = \frac{\text{Bit Rate (bps)}}{\text{Bandwidth (Hz)}}
\]

We are given:
- Symbol rate = 2 MBaud = 2 × 10⁶ symbols/second
- Bandwidth = 1.5 MHz = 1.5 × 10⁶ Hz

However, to compute the bit rate, we need to know how many bits per symbol are being transmitted — this depends on the modulation scheme.

Since the problem does not specify the modulation scheme, we must make an assumption or recognize that if no additional information is given, the most common and simplest assumption is that each symbol carries **1 bit** (i.e., binary modulation like BPSK).

But — wait! The question gives only symbol rate and bandwidth, and asks for spectral efficiency.

In digital communications, **spectral efficiency** is often defined as:

\[
\eta = \frac{R}{B}
\]

where:
- \( R \) = bit rate in bps
- \( B \) = bandwidth in Hz

If we assume that **each symbol carries one bit**, then:
- Bit rate \( R = \text{symbol rate} = 2 \times 10^6 \) bps
- Bandwidth \( B = 1.5 \times 10^6 \) Hz

Then:

\[
\eta = \frac{2 \times 10^6}{1.5 \times 10^6} = \frac{2}{1.5} = 1.333... \approx 1.33 \, \text{bps/Hz}
\]

✅ So, under the assumption of 1 bit per symbol (e.g., BPSK), the spectral efficiency is:

**1.33 bps/Hz**

Note: If a higher-order modulation (like QPSK, 16-QAM, etc.) were used, each symbol would carry more than 1 bit, increasing the spectral efficiency. But since no such detail is provided, the standard assumption is 1 bit per symbol.",1.33,0.0,0.04974229999999999
"For a Gaussian distribution with mean 0 and variance 4, what is the probability that the value is between -2 and 2?","We are given a Gaussian (normal) distribution with:

- Mean μ = 0  
- Variance σ² = 4 → So standard deviation σ = √4 = 2

We want to find:
> P(−2 ≤ X ≤ 2)

This is the probability that a random variable X from this distribution falls between −2 and 2.

### Step 1: Standardize to Z-scores
Convert the values to standard normal (Z) scores using:
\[
Z = \frac{X - \mu}{\sigma}
\]

For X = −2:
\[
Z = \frac{-2 - 0}{2} = -1
\]

For X = 2:
\[
Z = \frac{2 - 0}{2} = 1
\]

So we want:
\[
P(-1 \leq Z \leq 1)
\]

### Step 2: Use standard normal table or calculator
From the standard normal distribution:

- P(Z ≤ 1) ≈ 0.8413  
- P(Z ≤ −1) ≈ 0.1587  

So:
\[
P(-1 \leq Z \leq 1) = P(Z \leq 1) - P(Z \leq -1) = 0.8413 - 0.1587 = 0.6826
\]

### ✅ Final Answer:
**0.6826** (or about **68.26%**)",0.6827,0.0,0.00019859999999999998
"A binary source emits symbols with probabilities P(0)=0.8, P(1)=0.2. What is the entropy (in bits per symbol)?","To calculate the entropy \( H \) of a binary source, we use the formula:

\[
H = -\sum_{i} P(x_i) \log_2 P(x_i)
\]

For this source:
- \( P(0) = 0.8 \)
- \( P(1) = 0.2 \)

So,

\[
H = -[P(0) \log_2 P(0) + P(1) \log_2 P(1)]
\]

Plug in the values:

\[
H = -[0.8 \log_2 0.8 + 0.2 \log_2 0.2]
\]

Now compute each term:

- \( \log_2 0.8 = \frac{\log_{10} 0.8}{\log_{10} 2} \approx \frac{-0.09691}{0.30103} \approx -0.322 \)
- So, \( 0.8 \log_2 0.8 \approx 0.8 \times (-0.322) = -0.2576 \)

- \( \log_2 0.2 = \frac{\log_{10} 0.2}{\log_{10} 2} \approx \frac{-0.69897}{0.30103} \approx -2.322 \)
- So, \( 0.2 \log_2 0.2 \approx 0.2 \times (-2.322) = -0.4644 \)

Now add:

\[
H = -[(-0.2576) + (-0.4644)] = -[-0.722] = 0.722 \text{ bits per symbol}
\]

✅ Final Answer:
**0.722 bits per symbol**",0.722,1.0,0.010863099999999997
"In QPSK, if the bit energy is 0.5 μJ, what is the symbol energy (in μJ)?","In QPSK (Quadrature Phase Shift Keying), each symbol represents **2 bits**.

Given:
- Bit energy \( E_b = 0.5 \, \mu\text{J} \)

Since one symbol carries 2 bits, the symbol energy \( E_s \) is:

\[
E_s = 2 \times E_b = 2 \times 0.5 \, \mu\text{J} = 1.0 \, \mu\text{J}
\]

✅ Answer: **1.0 μJ**",1.0,1.0,0.0011644499999999998
"For a (15,11) Hamming code, what is the code rate?","The code rate \( R \) of a block code is given by the formula:

\[
R = \frac{k}{n}
\]

where:
- \( n \) is the total length of the codeword,
- \( k \) is the number of information (data) bits.

For a **(15,11) Hamming code**:
- \( n = 15 \)
- \( k = 11 \)

So, the code rate is:

\[
R = \frac{11}{15} \approx 0.733
\]

✅ Final Answer: **\( \frac{11}{15} \)** or approximately **0.733**.",0.733,1.0,0.0019738499999999996
"If the SNR at the input of a quantizer is 15 dB and the SQNR is 25 dB, what is the processing gain (in dB)?","The **processing gain** (PG) of a quantizer is defined as the difference between the Signal-to-Quantization-Noise Ratio (SQNR) at the output and the Signal-to-Noise Ratio (SNR) at the input:

\[
\text{Processing Gain (dB)} = \text{SQNR (dB)} - \text{SNR (dB)}
\]

Given:
- Input SNR = 15 dB
- SQNR = 25 dB

So,

\[
\text{PG} = 25 \, \text{dB} - 15 \, \text{dB} = 10 \, \text{dB}
\]

✅ **Answer: 10 dB**",10.0,1.0,0.00298835
"For a sinusoidal modulating signal, what is the modulation index if the carrier amplitude is 15 V and the sideband amplitude is 4.5 V?","To find the **modulation index** (often denoted as \( m \)) for a sinusoidal modulating signal, we use the relationship between the **carrier amplitude** and the **sideband amplitude** in amplitude modulation (AM).

### Given:
- Carrier amplitude (\( A_c \)) = 15 V  
- Sideband amplitude (\( A_{sb} \)) = 4.5 V  

In AM, the sideband amplitudes are related to the modulation index by:

\[
A_{sb} = \frac{m \cdot A_c}{2}
\]

### Solve for \( m \):

\[
m = \frac{2 \cdot A_{sb}}{A_c}
\]

Substitute the values:

\[
m = \frac{2 \cdot 4.5}{15} = \frac{9}{15} = 0.6
\]

### ✅ Final Answer:
**Modulation index \( m = 0.6 \)**

This means the signal is 60% modulated, which is within the acceptable range (less than 1.0) to avoid overmodulation.",0.6,0.0,0.007549849999999999
"In a binary symmetric channel, if the crossover probability is 0.18, what is the channel capacity (in bits per use)?","To calculate the **channel capacity** of a **binary symmetric channel (BSC)** with crossover probability \( p = 0.18 \), we use the formula:

\[
C = 1 - H(p)
\]

where:
- \( C \) is the channel capacity in bits per channel use,
- \( H(p) \) is the binary entropy function defined as:

\[
H(p) = -p \log_2 p - (1 - p) \log_2 (1 - p)
\]

---

### Step 1: Compute \( H(0.18) \)

\[
H(0.18) = -0.18 \log_2 0.18 - 0.82 \log_2 0.82
\]

We compute each term:

- \( \log_2 0.18 = \frac{\ln 0.18}{\ln 2} \approx \frac{-1.7148}{0.6931} \approx -2.474 \)
- So, \( -0.18 \times (-2.474) \approx 0.4453 \)

- \( \log_2 0.82 = \frac{\ln 0.82}{\ln 2} \approx \frac{-0.1985}{0.6931} \approx -0.2865 \)
- So, \( -0.82 \times (-0.2865) \approx 0.2349 \)

Add them:

\[
H(0.18) \approx 0.4453 + 0.2349 = 0.6802
\]

---

### Step 2: Calculate Channel Capacity

\[
C = 1 - H(0.18) = 1 - 0.6802 = 0.3198 \text{ bits per use}
\]

---

### ✅ Final Answer:
**0.32 bits per use** (rounded to two decimal places).",0.39,0.0,0.0053484
A signal has bandwidth 25 kHz and is sampled at 60 kHz. What is the Nyquist rate (in kHz)?,"The **Nyquist rate** is defined as **twice the highest frequency component** (i.e., the bandwidth) of the signal.

Given:
- Signal bandwidth = 25 kHz

So, the Nyquist rate is:

\[
\text{Nyquist rate} = 2 \times \text{bandwidth} = 2 \times 25\ \text{kHz} = 50\ \text{kHz}
\]

✅ The Nyquist rate is **50 kHz**.

Note: The sampling rate (60 kHz) is greater than the Nyquist rate (50 kHz), so the signal can be properly reconstructed from its samples — this satisfies the Nyquist-Shannon sampling theorem.",50.0,0.5,0.0017834499999999998
"For BPSK, if the required Eb/N0 for BER=10^-8 is 12 dB, what is the linear γ?","To find the linear value of γ (the signal-to-noise ratio per bit, often denoted as \( \gamma = E_b/N_0 \)) corresponding to a given dB value, we convert from decibels to linear scale using the formula:

\[
\gamma_{\text{linear}} = 10^{\frac{\gamma_{\text{dB}}}{10}}
\]

Given:
- \( \gamma_{\text{dB}} = 12 \) dB

So,

\[
\gamma_{\text{linear}} = 10^{\frac{12}{10}} = 10^{1.2}
\]

Now calculate:

\[
10^{1.2} \approx 15.8489
\]

✅ Final Answer:
**15.85** (approximately)",15.85,1.0,0.005457699999999999
"In a PCM system, if the signal is quantized into 512 levels, how many bits per sample are needed?","In a Pulse Code Modulation (PCM) system, the number of bits per sample required to represent a given number of quantization levels is determined by the formula:

\[
\text{Number of bits per sample} = \log_2(\text{Number of levels})
\]

Given that the signal is quantized into 512 levels:

\[
\log_2(512) = \log_2(2^9) = 9
\]

✅ Therefore, **9 bits per sample** are needed.",9.0,1.0,0.00123275
"For a rectangular pulse of duration T, what is the energy spectral density at f=0.25/T?","To find the energy spectral density (ESD) of a rectangular pulse at frequency \( f = 0.25/T \), we proceed as follows:

### Step 1: Define the Rectangular Pulse
Let the rectangular pulse be:
\[
x(t) = 
\begin{cases} 
A, & |t| \leq T/2 \\
0, & \text{otherwise}
\end{cases}
\]
This pulse has duration \( T \) and amplitude \( A \).

### Step 2: Fourier Transform
The Fourier transform of a rectangular pulse is the sinc function:
\[
X(f) = \mathcal{F}\{x(t)\} = A T \cdot \text{sinc}(fT)
\]
where:
\[
\text{sinc}(fT) = \frac{\sin(\pi f T)}{\pi f T}
\]

### Step 3: Energy Spectral Density (ESD)
The ESD is defined as:
\[
S_x(f) = |X(f)|^2
\]
So:
\[
S_x(f) = \left| A T \cdot \text{sinc}(fT) \right|^2 = A^2 T^2 \cdot \text{sinc}^2(fT)
\]

### Step 4: Evaluate at \( f = 0.25/T \)
Plug in \( f = 0.25/T \):
\[
fT = \frac{0.25}{T} \cdot T = 0.25
\]

Now compute:
\[
\text{sinc}(0.25) = \frac{\sin(\pi \cdot 0.25)}{\pi \cdot 0.25} = \frac{\sin(\pi/4)}{\pi/4} = \frac{\sqrt{2}/2}{\pi/4} = \frac{2\sqrt{2}}{\pi}
\]

Then:
\[
\text{sinc}^2(0.25) = \left( \frac{2\sqrt{2}}{\pi} \right)^2 = \frac{8}{\pi^2}
\]

Thus:
\[
S_x\left( \frac{0.25}{T} \right) = A^2 T^2 \cdot \frac{8}{\pi^2}
\]

### Final Answer:
\[
\boxed{ \frac{8 A^2 T^2}{\pi^2} }
\]

This is the energy spectral density at \( f = 0.25/T \).",0.810 A^2 T^2,0.5,0.007942449999999998
"In a digital system, if the bit rate is 50 Mbps and the modulation is 16-QAM, what is the symbol rate (in MBaud)?","To find the symbol rate (in MBaud) for a digital system with:

- Bit rate = 50 Mbps  
- Modulation = 16-QAM

### Step-by-step:

In **16-QAM**, each symbol represents **4 bits** because:

\[
\log_2(16) = 4
\]

So, the relationship between bit rate and symbol rate is:

\[
\text{Symbol Rate} = \frac{\text{Bit Rate}}{\text{Bits per Symbol}}
\]

Substitute the values:

\[
\text{Symbol Rate} = \frac{50 \text{ Mbps}}{4} = 12.5 \text{ MSymbols/s} = 12.5 \text{ MBaud}
\]

### ✅ Final Answer:
**12.5 MBaud**",12.5,0.5,0.0034667
A source emits symbols from an alphabet of size 512 with equal probability. What is the entropy per symbol (in bits)?,"We are given that a source emits symbols from an alphabet of size 512, with each symbol occurring with equal probability.

The entropy per symbol for a discrete memoryless source with equally likely symbols is given by the formula:

\[
H = \log_2(N)
\]

where \( N \) is the size of the alphabet.

Here, \( N = 512 \), so:

\[
H = \log_2(512)
\]

We know that:

\[
512 = 2^9
\]

Therefore:

\[
\log_2(512) = \log_2(2^9) = 9
\]

✅ So, the entropy per symbol is:

**9 bits**.",9.0,1.0,0.0022032999999999996
"For a matched filter, if the input SNR is -6 dB and the processing gain is 18 dB, what is the output SNR (in dB)?","To calculate the output SNR for a matched filter, you use the relationship:

\[
\text{Output SNR (dB)} = \text{Input SNR (dB)} + \text{Processing Gain (dB)}
\]

Given:
- Input SNR = -6 dB
- Processing Gain = 18 dB

\[
\text{Output SNR} = -6 \, \text{dB} + 18 \, \text{dB} = 12 \, \text{dB}
\]

✅ **Answer:** **12 dB**",12.0,1.0,0.0006256999999999999
"In an AM system, if the modulation index is 0.7 and the carrier power is 60 W, what is the sideband power (in W)?","In an AM (Amplitude Modulation) system, the total power is composed of:

- Carrier power (Pc)
- Upper Sideband (USB) power
- Lower Sideband (LSB) power

For a sinusoidal modulating signal, the sideband powers are equal, and the total sideband power is given by:

\[
P_{\text{sideband}} = \frac{\mu^2}{2} \cdot P_c
\]

Where:
- \(\mu\) = modulation index = 0.7  
- \(P_c\) = carrier power = 60 W

Substitute the values:

\[
P_{\text{sideband}} = \frac{(0.7)^2}{2} \cdot 60 = \frac{0.49}{2} \cdot 60 = 0.245 \cdot 60 = 14.7 \, \text{W}
\]

✅ So, the total sideband power is **14.7 watts**.",14.7,1.0,0.0021067499999999997
"For a binary symmetric channel with ε=0.12, what is the probability of receiving a 0 if a 1 was sent?","In a binary symmetric channel (BSC), the probability of receiving a bit different from the one sent is given by the crossover probability ε.

Given:
- ε = 0.12 (probability of flipping a bit)

If a **1 was sent**, the probability of receiving a **0** is exactly the crossover probability, because that's the definition of ε — the chance the bit is flipped during transmission.

So, the probability of receiving a **0** if a **1** was sent is:

**0.12**",0.12,1.0,0.0003300499999999999
A channel has bandwidth 400 kHz and SNR 7 dB. What is the Shannon capacity (in kbps)?,"To calculate the **Shannon capacity** of a channel, we use the Shannon-Hartley theorem:

\[
C = B \log_2(1 + \text{SNR})
\]

Where:
- \( C \) = channel capacity in bits per second (bps)
- \( B \) = bandwidth in Hz
- SNR = signal-to-noise ratio (linear, not in dB)

---

### Step 1: Convert SNR from dB to linear scale

Given:
- SNR = 7 dB

Convert to linear:
\[
\text{SNR}_{\text{linear}} = 10^{\frac{7}{10}} = 10^{0.7} \approx 5.0119
\]

---

### Step 2: Plug into the formula

Bandwidth \( B = 400 \, \text{kHz} = 400,000 \, \text{Hz} \)

\[
C = 400,000 \times \log_2(1 + 5.0119) = 400,000 \times \log_2(6.0119)
\]

Now compute \( \log_2(6.0119) \):

\[
\log_2(6.0119) = \frac{\log_{10}(6.0119)}{\log_{10}(2)} \approx \frac{0.779}{0.3010} \approx 2.588
\]

---

### Step 3: Multiply

\[
C \approx 400,000 \times 2.588 = 1,035,200 \, \text{bps} = 1035.2 \, \text{kbps}
\]

---

### ✅ Final Answer:
**1035 kbps** (rounded to nearest whole number)",800.0,0.0,0.0037264
"For a uniform quantizer with L=256 levels and full-scale range 8 V, what is the step size Δ (in mV)?","To find the step size Δ of a uniform quantizer:

Given:
- Number of levels, L = 256
- Full-scale range = 8 V

The step size Δ is calculated as:

\[
\Delta = \frac{\text{Full-scale range}}{L}
\]

Substitute the values:

\[
\Delta = \frac{8\ \text{V}}{256} = 0.03125\ \text{V}
\]

Convert to millivolts (mV):

\[
0.03125\ \text{V} = 31.25\ \text{mV}
\]

✅ Final Answer: **31.25 mV**",31.25,1.0,0.0009311499999999997
"In a QPSK system, if the symbol duration is 10 μs, what is the bit duration (in μs)?","In QPSK (Quadrature Phase Shift Keying), each symbol represents 2 bits.

Given:
- Symbol duration = 10 μs

Since each symbol carries 2 bits, the bit duration is:

\[
\text{Bit duration} = \frac{\text{Symbol duration}}{\text{Bits per symbol}} = \frac{10\ \mu\text{s}}{2} = 5\ \mu\text{s}
\]

✅ Answer: **5 μs**",5.0,0.5,0.00026339999999999995
"A (n,k) code has n=23 and k=12. What is the number of parity bits?","In a (n, k) linear block code:

- **n** is the total number of bits in each codeword (codeword length),
- **k** is the number of information bits,
- The number of **parity bits** is given by:  
  \[
  n - k
  \]

Given:
- n = 23
- k = 12

So, the number of parity bits is:
\[
23 - 12 = 11
\]

✅ Answer: **11 parity bits**",11.0,1.0,0.0004765999999999999
"For a sinusoidal modulating signal, what is the modulation index if the peak amplitude of the modulating signal is 5 V and the carrier amplitude is 25 V?","The modulation index (often denoted as \( m \)) for amplitude modulation (AM) is defined as the ratio of the peak amplitude of the modulating signal (\( A_m \)) to the peak amplitude of the carrier signal (\( A_c \)):

\[
m = \frac{A_m}{A_c}
\]

Given:
- \( A_m = 5 \, \text{V} \)
- \( A_c = 25 \, \text{V} \)

Substitute the values:

\[
m = \frac{5}{25} = 0.2
\]

So, the modulation index is **0.2** (or 20%).",0.2,0.0,0.0007728499999999998
"In a digital system, the symbol error rate is 2×10^-5. If the modulation is 64-QAM with Gray coding, what is approximate bit error rate?","To estimate the bit error rate (BER) from the symbol error rate (SER) for a 64-QAM system with Gray coding, we use the following relationship:

For M-ary QAM with Gray coding:
\[
\text{BER} \approx \frac{1}{\log_2 M} \cdot \text{SER}
\]

Here:
- \( M = 64 \) → \( \log_2 64 = 6 \)
- SER = \( 2 \times 10^{-5} \)

So,
\[
\text{BER} \approx \frac{1}{6} \times 2 \times 10^{-5} = \frac{2}{6} \times 10^{-5} = \frac{1}{3} \times 10^{-5} \approx 3.33 \times 10^{-6}
\]

✅ Final Answer:
\[
\text{BER} \approx 3.3 \times 10^{-6}
\]",3.33e-06,0.0,0.0024578999999999994
"For a raised-cosine filter with α=0.8 and symbol rate 5 MBaud, what is the absolute bandwidth (in MHz)?","To calculate the absolute bandwidth of a raised-cosine filter, we use the formula:

\[
B = \frac{R_s}{2} (1 + \alpha)
\]

Where:
- \( B \) = absolute bandwidth (in Hz),
- \( R_s \) = symbol rate (in symbols per second),
- \( \alpha \) = roll-off factor (0 ≤ α ≤ 1).

Given:
- \( R_s = 5 \, \text{MBaud} = 5 \times 10^6 \, \text{symbols/sec} \),
- \( \alpha = 0.8 \).

Substitute into the formula:

\[
B = \frac{5 \times 10^6}{2} (1 + 0.8) = 2.5 \times 10^6 \times 1.8 = 4.5 \times 10^6 \, \text{Hz}
\]

Convert to MHz:

\[
B = 4.5 \, \text{MHz}
\]

✅ Final Answer: **4.5 MHz**",4.5,0.5,0.0027236999999999995
"A source emits symbols with probabilities 0.6, 0.2, 0.1, 0.1. What is the entropy (in bits per symbol)?","To calculate the entropy of a discrete source, we use the formula:

\[
H = -\sum_{i=1}^{n} p_i \log_2 p_i
\]

Given probabilities:  
\( p_1 = 0.6 \), \( p_2 = 0.2 \), \( p_3 = 0.1 \), \( p_4 = 0.1 \)

Now compute each term:

1. For \( p_1 = 0.6 \):  
\[
-0.6 \log_2(0.6) = -0.6 \times \log_2(0.6)
\]
First, compute \( \log_2(0.6) = \frac{\ln(0.6)}{\ln(2)} \approx \frac{-0.5108}{0.6931} \approx -0.737 \)  
So:  
\( -0.6 \times (-0.737) \approx 0.442 \)

2. For \( p_2 = 0.2 \):  
\( -0.2 \log_2(0.2) = -0.2 \times \log_2(0.2) \)  
\( \log_2(0.2) = \frac{\ln(0.2)}{\ln(2)} \approx \frac{-1.6094}{0.6931} \approx -2.322 \)  
So:  
\( -0.2 \times (-2.322) = 0.464 \)

3. For \( p_3 = 0.1 \):  
\( -0.1 \log_2(0.1) = -0.1 \times \log_2(0.1) \)  
\( \log_2(0.1) = \frac{\ln(0.1)}{\ln(2)} \approx \frac{-2.3026}{0.6931} \approx -3.322 \)  
So:  
\( -0.1 \times (-3.322) = 0.332 \)

4. For \( p_4 = 0.1 \): same as above → 0.332

Now sum all terms:  
\[
H = 0.442 + 0.464 + 0.332 + 0.332 = 1.57 \text{ bits per symbol}
\]

✅ Final Answer: **1.57 bits per symbol** (rounded to two decimal places).",1.571,1.0,0.00650995
"In a PCM system, if the sampling frequency is 48 kHz and each sample is represented by 24 bits, what is the bit rate (in Mbps)?","To calculate the bit rate in a Pulse Code Modulation (PCM) system:

**Bit Rate (in bps) = Sampling Frequency × Bits per Sample**

Given:
- Sampling frequency = 48 kHz = 48,000 samples/second  
- Bits per sample = 24 bits

So,

Bit Rate = 48,000 samples/second × 24 bits/sample  
= 1,152,000 bits/second  
= 1.152 Mbps

✅ **Answer: 1.152 Mbps**",1.152,0.5,0.0004053499999999999
"For a binary symmetric channel, if the error probability is 0.09, what is the channel capacity (in bits per use)?","For a **binary symmetric channel (BSC)** with error probability \( p = 0.09 \), the **channel capacity** \( C \) in bits per use is given by:

\[
C = 1 - H(p)
\]

where \( H(p) \) is the binary entropy function:

\[
H(p) = -p \log_2 p - (1 - p) \log_2 (1 - p)
\]

### Step-by-step calculation:

Given:  
\( p = 0.09 \)

First, compute \( H(0.09) \):

\[
H(0.09) = -0.09 \log_2 0.09 - 0.91 \log_2 0.91
\]

Use base-2 logarithms (we can compute numerically):

- \( \log_2 0.09 = \frac{\ln 0.09}{\ln 2} \approx \frac{-2.4079}{0.6931} \approx -3.475 \)
- \( \log_2 0.91 = \frac{\ln 0.91}{\ln 2} \approx \frac{-0.0943}{0.6931} \approx -0.136 \)

Now plug in:

\[
H(0.09) = -0.09 \times (-3.475) - 0.91 \times (-0.136)
= 0.31275 + 0.12376 = 0.43651
\]

So,

\[
C = 1 - H(0.09) = 1 - 0.43651 = 0.56349 \text{ bits per use}
\]

### Final Answer:
**Approximately 0.563 bits per use**",0.531,0.7,0.0041229
What is the bandwidth of a DSB-SC signal if the modulating signal has bandwidth 10 kHz?,"The bandwidth of a Double Sideband Suppressed Carrier (DSB-SC) signal is **twice the bandwidth of the modulating signal**.

Given:
- Bandwidth of the modulating signal = 10 kHz

Therefore, the bandwidth of the DSB-SC signal is:

\[
2 \times 10\ \text{kHz} = 20\ \text{kHz}
\]

✅ **Answer: 20 kHz**",20000.0,1.0,0.0006836499999999998
"For a rectangular pulse of width T, what is the 40-dB bandwidth (in terms of 1/T)?","The 40-dB bandwidth of a rectangular pulse of width \( T \) refers to the frequency range over which the magnitude of the Fourier transform (spectrum) of the pulse drops by 40 dB from its peak value.

---

### Step 1: Fourier Transform of a Rectangular Pulse
The Fourier transform of a rectangular pulse of duration \( T \), centered at 0, is:

\[
X(f) = T \cdot \text{sinc}(\pi f T)
\]

where \(\text{sinc}(x) = \frac{\sin(x)}{x}\).

The magnitude is:
\[
|X(f)| = |T| \cdot |\text{sinc}(\pi f T)|
\]

The peak occurs at \( f = 0 \), where \( |X(0)| = T \).

---

### Step 2: Define 40-dB Bandwidth
We want the frequency \( f_{40} \) such that:
\[
20 \log_{10} \left( \frac{|X(f_{40})|}{|X(0)|} \right) = -40 \, \text{dB}
\]

So:
\[
\frac{|X(f_{40})|}{|X(0)|} = 10^{-2} = 0.01
\]

Thus:
\[
|\text{sinc}(\pi f_{40} T)| = 0.01
\]

Let \( x = \pi f_{40} T \). Then:
\[
\left| \frac{\sin x}{x} \right| = 0.01
\]

We need to solve:
\[
\frac{\sin x}{x} = \pm 0.01
\]

Since we're interested in the first zero crossing beyond the main lobe, consider the positive solution near the first null of the sinc function (which occurs at \( x = \pi \)).

This equation must be solved numerically for the smallest positive \( x \) where \( |\sin x / x| = 0.01 \). The solution is approximately:

\[
x \approx 3.78 \quad \text{(in radians)}
\]

(You can verify this by plotting or using numerical methods — this is a well-known result for the 40 dB point of the sinc function.)

Now recall:
\[
x = \pi f_{40} T \Rightarrow f_{40} = \frac{x}{\pi T}
\]

So:
\[
f_{40} \approx \frac{3.78}{\pi T}
\]

Using \( \pi \approx 3.1416 \):
\[
f_{40} \approx \frac{3.78}{3.1416 T} \approx \frac{1.203}{T}
\]

---

### ✅ Final Answer:
**40-dB bandwidth ≈ \( \frac{1.2}{T} \)**

(Rounded to two significant figures — more precisely, ~1.203/T)

This is the frequency range (in Hz) where the spectrum drops to 1% of its peak value.",0.11,0.0,0.010112099999999997
"If the bit rate is 15 Mbps and the modulation is BPSK, what is the null-to-null bandwidth (in MHz)?","For Binary Phase Shift Keying (BPSK), the null-to-null bandwidth is equal to the bit rate.

This is because BPSK transmits one bit per symbol, and the first nulls of the sinc-shaped spectrum occur at ±1/T Hz, where T is the symbol period. Since the symbol rate equals the bit rate for BPSK, the null-to-null bandwidth is:

\[
\text{Null-to-null bandwidth} = \text{Bit rate}
\]

Given:
- Bit rate = 15 Mbps

Therefore:

\[
\text{Null-to-null bandwidth} = 15 \text{ MHz}
\]

✅ Answer: **15 MHz**",30.0,0.0,0.0016060999999999998
A source emits symbols from an alphabet of size 2048 with equal probability. What is the entropy per symbol (in bits)?,"To calculate the entropy per symbol for a source that emits symbols from an alphabet of size 2048 with equal probability, we use the formula for entropy:

\[
H = \log_2(N)
\]

where:
- \( N \) is the number of equally probable symbols,
- \( H \) is the entropy in bits per symbol.

Given:
- \( N = 2048 \)

Now compute:

\[
H = \log_2(2048)
\]

We know that:
\[
2^{11} = 2048
\]

So:
\[
\log_2(2048) = 11
\]

✅ Therefore, the entropy per symbol is:

**11 bits**.",11.0,1.0,0.0010295499999999997
"In a digital system, the noise power is 10^{-11} W and signal power is 10^{-8} W. What is SNR in dB?","To calculate the Signal-to-Noise Ratio (SNR) in decibels (dB), use the formula:

\[
\text{SNR (dB)} = 10 \log_{10} \left( \frac{\text{Signal Power}}{\text{Noise Power}} \right)
\]

Given:
- Signal Power = \( 10^{-8} \) W
- Noise Power = \( 10^{-11} \) W

Substitute into the formula:

\[
\text{SNR (dB)} = 10 \log_{10} \left( \frac{10^{-8}}{10^{-11}} \right) = 10 \log_{10} (10^{3}) = 10 \times 3 = 30 \, \text{dB}
\]

✅ Final Answer: **30 dB**",30.0,1.0,0.0015197
"For a matched filter, if the input signal energy is 3 μJ and noise PSD N0=3×10^{-12} W/Hz, what is the output SNR (linear)?","To calculate the output Signal-to-Noise Ratio (SNR) for a matched filter, we use the following formula:

\[
\text{SNR}_{\text{out}} = \frac{2E}{N_0}
\]

Where:
- \( E \) is the energy of the input signal (in joules),
- \( N_0 \) is the noise power spectral density (in W/Hz),
- The factor of 2 arises from the matched filter’s optimal detection property (integration over the signal duration in the presence of white noise).

Given:
- Signal energy \( E = 3\ \mu\text{J} = 3 \times 10^{-6}\ \text{J} \)
- Noise PSD \( N_0 = 3 \times 10^{-12}\ \text{W/Hz} \)

Now plug into the formula:

\[
\text{SNR}_{\text{out}} = \frac{2 \times 3 \times 10^{-6}}{3 \times 10^{-12}} = \frac{6 \times 10^{-6}}{3 \times 10^{-12}} = 2 \times 10^{6}
\]

So, the output SNR (linear) is:

\[
\boxed{2 \times 10^6}
\]",2000000.0,0.0,0.032245449999999995
"If the sampling rate is 25 kHz, what is the maximum analog frequency (in kHz) that can be represented?","According to the **Nyquist-Shannon sampling theorem**, the maximum analog frequency that can be accurately represented without aliasing is **half the sampling rate**.

Given:
- Sampling rate = 25 kHz

Maximum analog frequency =  
\[
\frac{25\ \text{kHz}}{2} = 12.5\ \text{kHz}
\]

✅ Answer: **12.5 kHz**",12.5,0.5,0.030402850000000006
"A binary symmetric channel has crossover probability 0.35. If the input symbols are equally likely, what is the probability of receiving a 1?","We are given:

- A binary symmetric channel (BSC) with crossover probability \( p = 0.35 \).
- Input symbols are equally likely: \( P(X = 0) = P(X = 1) = 0.5 \).

We are asked to find the probability of receiving a 1, i.e., \( P(Y = 1) \).

---

### Step-by-step solution:

The output \( Y \) depends on the input \( X \) and the channel behavior:

\[
P(Y = 1) = P(Y = 1 | X = 0)P(X = 0) + P(Y = 1 | X = 1)P(X = 1)
\]

From the BSC model:

- \( P(Y = 1 | X = 0) = p = 0.35 \) (crossover: 0 becomes 1)
- \( P(Y = 1 | X = 1) = 1 - p = 0.65 \) (no error: 1 stays 1)

And since \( P(X = 0) = P(X = 1) = 0.5 \), we plug in:

\[
P(Y = 1) = (0.35)(0.5) + (0.65)(0.5)
= 0.5 \times (0.35 + 0.65)
= 0.5 \times 1.0
= 0.5
\]

---

### ✅ Final Answer:
\[
\boxed{0.5}
\]

The probability of receiving a 1 is **0.5**, regardless of the crossover probability, as long as the input symbols are equally likely. This is because the channel is symmetric and the inputs are balanced — the errors cancel out.",0.5,1.0,0.035352349999999984
"For QPSK, if the symbol energy is 12 μJ, what is the energy per bit (in μJ)?","In QPSK (Quadrature Phase Shift Keying), each symbol represents 2 bits.

Given:
- Symbol energy \( E_s = 12 \, \mu\text{J} \)

Since each symbol carries 2 bits, the energy per bit \( E_b \) is:

\[
E_b = \frac{E_s}{2} = \frac{12 \, \mu\text{J}}{2} = 6 \, \mu\text{J}
\]

✅ Answer: **6 μJ**",6.0,1.0,0.0317109
"In a (31,26) Hamming code, what is the minimum Hamming distance?","In a (31,26) Hamming code:

- The first number (31) is the block length (n)
- The second number (26) is the number of data bits (k)

This is a standard Hamming code where:
- n = 2^r - 1 (block length)
- k = 2^r - r - 1 (data bits)
- r = redundancy bits

For n = 31:
- 31 = 2^r - 1
- 2^r = 32
- r = 5

So this is a Hamming code with r = 5 parity bits.

**Key property:** All standard Hamming codes have a minimum Hamming distance of **3**.

This means:
- The code can detect up to 2 errors
- The code can correct 1 error

The minimum distance of 3 comes from the fact that any two valid codewords differ in at least 3 positions. This is the defining characteristic of Hamming codes.

**Answer: 3**",3.0,1.0,0.03382709999999999
"For a uniform quantizer with 16 bits, what is the SQNR (in dB) for a full-scale sinusoid?","For a uniform quantizer with **n bits**, the Signal-to-Quantization Noise Ratio (SQNR) for a **full-scale sinusoidal signal** is approximately:

\[
\text{SQNR (dB)} = 6.02n + 1.76
\]

This formula assumes:
- The signal is a full-scale sine wave (peak-to-peak amplitude = 2 units, so RMS = \( \frac{1}{\sqrt{2}} \))
- Uniform quantization with mid-rise or mid-tread quantizer
- No clipping
- Quantization noise is uniformly distributed and uncorrelated with the signal

Given:
- \( n = 16 \) bits

Plug into the formula:

\[
\text{SQNR} = 6.02 \times 16 + 1.76 = 96.32 + 1.76 = 98.08 \, \text{dB}
\]

✅ **Answer: 98.08 dB**",98.08,1.0,0.03318374999999999
A channel has bandwidth 3 MHz and SNR 12 dB. What is the Shannon capacity (in Mbps)?,"To calculate the **Shannon capacity** of a channel, we use the **Shannon-Hartley theorem**:

\[
C = B \log_2(1 + \text{SNR})
\]

Where:
- \( C \) = channel capacity in bits per second (bps)
- \( B \) = bandwidth in Hz
- SNR = signal-to-noise ratio (as a linear ratio, not in dB)

---

### Given:
- Bandwidth \( B = 3 \) MHz = \( 3 \times 10^6 \) Hz
- SNR = 12 dB

First, convert SNR from decibels to a linear scale:

\[
\text{SNR}_{\text{linear}} = 10^{\frac{\text{SNR}_{\text{dB}}}{10}} = 10^{\frac{12}{10}} = 10^{1.2} \approx 15.8489
\]

Now plug into the formula:

\[
C = 3 \times 10^6 \times \log_2(1 + 15.8489) = 3 \times 10^6 \times \log_2(16.8489)
\]

Calculate \( \log_2(16.8489) \):

\[
\log_2(16.8489) = \frac{\log_{10}(16.8489)}{\log_{10}(2)} \approx \frac{1.2266}{0.3010} \approx 4.075
\]

Now compute capacity:

\[
C \approx 3 \times 10^6 \times 4.075 = 12.225 \times 10^6 \text{ bps} = 12.225 \text{ Mbps}
\]

---

### ✅ Final Answer:
**12.225 Mbps**",12.0,0.5,0.03695864999999999
"For BPSK, if the bit duration is 0.05 μs, what is the null-to-null bandwidth (in MHz)?","For Binary Phase Shift Keying (BPSK), the null-to-null bandwidth is determined by the bit rate and the modulation scheme.

Given:
- Bit duration \( T_b = 0.05 \, \mu\text{s} = 5 \times 10^{-8} \, \text{s} \)

Step 1: Calculate the bit rate \( R_b \)
\[
R_b = \frac{1}{T_b} = \frac{1}{5 \times 10^{-8}} = 20 \times 10^6 \, \text{bps} = 20 \, \text{Mbps}
\]

Step 2: For BPSK, the null-to-null bandwidth (also called the first null to first null) is approximately:
\[
B_{\text{null-to-null}} = 2 \times R_b
\]
This is because the main lobe of the BPSK spectrum extends from \(-R_b\) to \(+R_b\), so total width is \(2R_b\).

So:
\[
B = 2 \times 20 \, \text{MHz} = 40 \, \text{MHz}
\]

✅ Final Answer:
**40 MHz**",40.0,0.5,0.03496734999999998
"In a binary system, if the bit error probability is 0.002, what is the probability that a 12-bit word has exactly one error?","We are given:

- Bit error probability: \( p = 0.002 \)
- Word length: \( n = 12 \)
- We want the probability of **exactly one error** in the 12-bit word.

This is a classic binomial probability problem.

The binomial probability formula is:

\[
P(k) = \binom{n}{k} p^k (1 - p)^{n - k}
\]

Where:
- \( n = 12 \)
- \( k = 1 \)
- \( p = 0.002 \)

So plug in:

\[
P(1) = \binom{12}{1} (0.002)^1 (1 - 0.002)^{11}
\]

Calculate step by step:

1. \( \binom{12}{1} = 12 \)
2. \( (0.002)^1 = 0.002 \)
3. \( (0.998)^{11} \approx ? \)

Use a calculator for \( (0.998)^{11} \):

\[
(0.998)^{11} \approx e^{11 \cdot \ln(0.998)} \approx e^{11 \cdot (-0.002002)} \approx e^{-0.022022} \approx 0.9782
\]

(Alternatively, using direct computation: \( 0.998^{11} \approx 0.9782 \))

Now compute:

\[
P(1) = 12 \times 0.002 \times 0.9782 = 0.024 \times 0.9782 \approx 0.0234768
\]

Rounded to a reasonable number of decimal places:

\[
P(1) \approx 0.0235
\]

### ✅ Final Answer:
**0.0235** (or approximately 2.35%)",0.0235,0.0,0.038027949999999984
A PCM system samples at 16 kHz and uses 12 bits per sample. What is the data rate (in kbps)?,"To calculate the data rate of a PCM (Pulse Code Modulation) system, we use the formula:

\[
\text{Data Rate} = \text{Sampling Rate} \times \text{Bits per Sample}
\]

Given:
- Sampling Rate = 16 kHz = 16,000 samples per second
- Bits per Sample = 12 bits

Now plug in the values:

\[
\text{Data Rate} = 16,\!000 \, \text{samples/s} \times 12 \, \text{bits/sample} = 192,\!000 \, \text{bits per second}
\]

Convert to kbps (kilobits per second):

\[
192,\!000 \, \text{bps} = 192 \, \text{kbps}
\]

✅ Final Answer: **192 kbps**",192.0,0.5,0.03633559999999999
"For a raised-cosine filter with α=0.9, what is the absolute bandwidth if the symbol rate is 2 MBaud?","To calculate the absolute bandwidth of a raised-cosine filter, we use the formula:

\[
B = \frac{R_s}{2} (1 + \alpha)
\]

Where:
- \( B \) = absolute bandwidth (in Hz),
- \( R_s \) = symbol rate (in baud),
- \( \alpha \) = roll-off factor (0 ≤ α ≤ 1).

Given:
- \( R_s = 2 \) MBaud = \( 2 \times 10^6 \) baud,
- \( \alpha = 0.9 \).

Substitute into the formula:

\[
B = \frac{2 \times 10^6}{2} (1 + 0.9) = (1 \times 10^6)(1.9) = 1.9 \times 10^6 \text{ Hz}
\]

So, the absolute bandwidth is:

**1.9 MHz**.",1900000.0,1.0,0.03655744999999999
"If the modulation index of FM is 6 and the modulating frequency is 2 kHz, what is the frequency deviation (in kHz)?","In frequency modulation (FM), the relationship between the modulation index (β), frequency deviation (Δf), and modulating frequency (fm) is given by:

\[
\beta = \frac{\Delta f}{f_m}
\]

Given:
- Modulation index, β = 6  
- Modulating frequency, fm = 2 kHz

We solve for frequency deviation (Δf):

\[
\Delta f = \beta \times f_m = 6 \times 2 \, \text{kHz} = 12 \, \text{kHz}
\]

✅ **Answer: 12 kHz**",12.0,0.5,0.03669124999999999
"In a digital communication system, the symbol rate is 3 MBaud and the bandwidth is 2 MHz. What is the spectral efficiency (in bps/Hz)?","To calculate the **spectral efficiency** in **bps/Hz**, we use the formula:

\[
\text{Spectral Efficiency} = \frac{\text{Bit Rate (bps)}}{\text{Bandwidth (Hz)}}
\]

However, in this problem, we are given the **symbol rate** (3 MBaud), not the bit rate directly. To find the bit rate, we need to know how many bits per symbol are being transmitted — that is, the modulation scheme (e.g., QPSK = 2 bits/symbol, 16-QAM = 4 bits/symbol, etc.).

But since no modulation scheme is specified, we assume the simplest case where each symbol carries **1 bit** (i.e., binary modulation like BPSK). This gives us a lower bound or a baseline spectral efficiency.

### Step-by-step:

- Symbol rate = 3 MBaud = 3 × 10⁶ symbols/second  
- If each symbol = 1 bit → Bit rate = 3 Mbps  
- Bandwidth = 2 MHz = 2 × 10⁶ Hz

Now compute spectral efficiency:

\[
\text{Spectral Efficiency} = \frac{3 \times 10^6 \text{ bps}}{2 \times 10^6 \text{ Hz}} = 1.5 \text{ bps/Hz}
\]

✅ **Answer: 1.5 bps/Hz**

> ⚠️ Note: If the modulation scheme were known (e.g., 4-QAM, 16-QAM), we would multiply the symbol rate by the number of bits per symbol to get the bit rate. For example:
- With QPSK (2 bits/symbol): 3 MBaud × 2 = 6 Mbps → 6 / 2 = 3 bps/Hz
- With 16-QAM (4 bits/symbol): 3 MBaud × 4 = 12 Mbps → 12 / 2 = 6 bps/Hz

Since it's not specified, **1.5 bps/Hz** is the correct answer under the assumption of 1 bit per symbol.",1.5,0.0,0.041173599999999984
"For a Gaussian distribution with mean 0 and variance 1, what is the probability that the value is less than -1.5?","To find the probability that a value from a standard normal distribution (mean = 0, variance = 1) is less than -1.5, we use the cumulative distribution function (CDF) of the standard normal distribution, denoted by Φ(x).

We are looking for:
\[
P(Z < -1.5) = \Phi(-1.5)
\]

From standard normal distribution tables or using a calculator:

\[
\Phi(-1.5) \approx 0.0668
\]

So, the probability that the value is less than -1.5 is approximately **0.0668**, or **6.68%**.",0.0668,0.0,0.039949299999999986
"A binary source emits symbols with probabilities P(0)=0.9, P(1)=0.1. What is the entropy (in bits per symbol)?","To calculate the entropy of a binary source, we use the formula for Shannon entropy:

\[
H = -\sum_{i} p_i \log_2 p_i
\]

For this binary source:
- \( P(0) = 0.9 \)
- \( P(1) = 0.1 \)

So the entropy is:

\[
H = -[P(0) \log_2 P(0) + P(1) \log_2 P(1)]
\]
\[
H = -[0.9 \log_2 0.9 + 0.1 \log_2 0.1]
\]

Now compute each term:

- \( \log_2 0.9 \approx \frac{\ln 0.9}{\ln 2} \approx \frac{-0.10536}{0.6931} \approx -0.152 \)
- \( \log_2 0.1 \approx \frac{\ln 0.1}{\ln 2} \approx \frac{-2.3026}{0.6931} \approx -3.322 \)

Now plug in:

\[
H = -[0.9 \times (-0.152) + 0.1 \times (-3.322)]
\]
\[
H = -[-0.1368 - 0.3322] = -[-0.469] = 0.469 \text{ bits per symbol}
\]

✅ Final Answer: **0.469 bits per symbol** (approximately)",0.469,1.0,0.03906984999999999
"In QPSK, if the bit energy is 1.5 μJ, what is the symbol energy (in μJ)?","In QPSK (Quadrature Phase Shift Keying), each symbol represents **2 bits**.

Given:
- Bit energy \( E_b = 1.5 \, \mu\text{J} \)

Since each symbol carries 2 bits, the symbol energy \( E_s \) is:

\[
E_s = 2 \times E_b = 2 \times 1.5 \, \mu\text{J} = 3.0 \, \mu\text{J}
\]

✅ Answer: **3.0 μJ**",3.0,1.0,0.037207349999999986
"For a (63,57) Hamming code, what is the number of parity bits?","A Hamming code with parameters (n, k) has:

- n = total number of bits in the codeword  
- k = number of data bits  
- r = number of parity bits  

The relationship between them is:  
**n = 2^r - 1**  
and  
**k = n - r**

Given:  
(63, 57) Hamming code → n = 63, k = 57

We can find r using:  
**r = n - k = 63 - 57 = 6**

Alternatively, verify that n = 2^r - 1:  
2^6 - 1 = 64 - 1 = 63 ✅

So, the number of parity bits is **6**.",6.0,1.0,0.03844214999999999
"If the SNR at the input of a quantizer is 18 dB and the SQNR is 28 dB, what is the processing gain (in dB)?","The **processing gain (PG)** of a quantizer is defined as the difference between the **Signal-to-Quantization-Noise Ratio (SQNR)** and the **Signal-to-Noise Ratio (SNR)** at the input:

\[
\text{PG (dB)} = \text{SQNR (dB)} - \text{SNR (dB)}
\]

Given:
- SNR (input) = 18 dB
- SQNR = 28 dB

\[
\text{PG} = 28\ \text{dB} - 18\ \text{dB} = 10\ \text{dB}
\]

✅ **Answer: 10 dB**",10.0,1.0,0.038339299999999986
"For a sinusoidal modulating signal, what is the modulation index if the carrier amplitude is 20 V and the sideband amplitude is 7 V?","To find the **modulation index** (often denoted as \( m \)) for a sinusoidal modulating signal in amplitude modulation (AM), we use the relationship between the carrier amplitude and the sideband amplitudes.

In AM:

- The carrier amplitude is \( A_c \)
- The amplitude of each sideband is \( \frac{m A_c}{2} \)

Given:
- Carrier amplitude \( A_c = 20 \, \text{V} \)
- Sideband amplitude = \( 7 \, \text{V} \)

So:

\[
\frac{m A_c}{2} = 7
\]

Substitute \( A_c = 20 \):

\[
\frac{m \times 20}{2} = 7
\]

\[
10m = 7
\]

\[
m = \frac{7}{10} = 0.7
\]

✅ Final Answer:  
**Modulation index \( m = 0.7 \)**",0.7,1.0,0.03920144999999999
"In a binary symmetric channel, if the crossover probability is 0.22, what is the channel capacity (in bits per use)?","The channel capacity \( C \) of a **binary symmetric channel (BSC)** with crossover probability \( p \) is given by:

\[
C = 1 - H(p)
\]

where \( H(p) \) is the binary entropy function:

\[
H(p) = -p \log_2 p - (1 - p) \log_2 (1 - p)
\]

Given:
- \( p = 0.22 \)

### Step 1: Compute \( H(0.22) \)

\[
H(0.22) = -0.22 \log_2(0.22) - 0.78 \log_2(0.78)
\]

We compute each term:

- \( \log_2(0.22) = \frac{\ln(0.22)}{\ln(2)} \approx \frac{-1.514}{0.6931} \approx -2.184 \)
- So, \( -0.22 \times (-2.184) = 0.4805 \)

- \( \log_2(0.78) = \frac{\ln(0.78)}{\ln(2)} \approx \frac{-0.2485}{0.6931} \approx -0.3586 \)
- So, \( -0.78 \times (-0.3586) = 0.280 \)

Add them:

\[
H(0.22) \approx 0.4805 + 0.280 = 0.7605
\]

### Step 2: Compute channel capacity

\[
C = 1 - H(0.22) \approx 1 - 0.7605 = 0.2395 \text{ bits per use}
\]

### ✅ Final Answer:
**0.2395 bits per use** (approximately)",0.278,0.0,0.04336744999999998
A signal has bandwidth 30 kHz and is sampled at 70 kHz. What is the Nyquist rate (in kHz)?,"The **Nyquist rate** is the minimum sampling rate required to avoid aliasing, and it is defined as:

\[
f_{\text{Nyquist}} = 2 \times f_{\text{max}}
\]

where \( f_{\text{max}} \) is the highest frequency component in the signal.

Given:
- Bandwidth = 30 kHz  
  → This means the signal extends from 0 to 30 kHz (assuming baseband), so \( f_{\text{max}} = 30 \) kHz.

Thus, the Nyquist rate is:

\[
f_{\text{Nyquist}} = 2 \times 30 = 60 \text{ kHz}
\]

✅ Final Answer: **60 kHz**",60.0,0.5,0.03934829999999999
"For BPSK, if the required Eb/N0 for BER=10^-9 is 13 dB, what is the linear γ?","To find the linear value of γ (which typically represents the signal-to-noise ratio per bit, i.e., \( \frac{E_b}{N_0} \)) when given in dB:

Given:
- Required \( \frac{E_b}{N_0} = 13 \) dB for BER = \( 10^{-9} \)

The conversion from dB to linear scale is:

\[
\gamma_{\text{linear}} = 10^{\frac{\gamma_{\text{dB}}}{10}}
\]

Substitute \( \gamma_{\text{dB}} = 13 \):

\[
\gamma_{\text{linear}} = 10^{\frac{13}{10}} = 10^{1.3}
\]

Now calculate:

\[
10^{1.3} \approx 19.9526
\]

✅ Final Answer:
\[
\gamma \approx 20 \quad \text{(in linear scale)}
\]

So, the linear \( \gamma = \frac{E_b}{N_0} \) is approximately **20**.",19.95,1.0,0.041453999999999984
"In a PCM system, if the signal is quantized into 1024 levels, how many bits per sample are needed?","In a PCM (Pulse Code Modulation) system, the number of bits per sample required to represent a given number of quantization levels is determined by the formula:

\[
\text{Number of bits} = \log_2(\text{Number of levels})
\]

Given that the signal is quantized into 1024 levels:

\[
\text{Bits per sample} = \log_2(1024)
\]

Since \( 1024 = 2^{10} \), we have:

\[
\log_2(1024) = 10
\]

✅ Therefore, **10 bits per sample** are needed.",10.0,1.0,0.040894899999999984
"For a rectangular pulse of duration T, what is the energy spectral density at f=0.75/T?","To find the energy spectral density (ESD) of a rectangular pulse at a specific frequency, we need to follow these steps:

---

### 1. **Define the Rectangular Pulse**
A rectangular pulse of duration \( T \), amplitude \( A \), and centered at \( t = 0 \) is:

\[
x(t) = 
\begin{cases}
A, & |t| \leq \frac{T}{2} \\
0, & \text{otherwise}
\end{cases}
\]

---

### 2. **Energy Spectral Density (ESD)**
The ESD of a signal \( x(t) \) is given by:

\[
S_{xx}(f) = |X(f)|^2
\]

where \( X(f) \) is the Fourier Transform of \( x(t) \).

For a rectangular pulse, the Fourier transform is:

\[
X(f) = A T \cdot \text{sinc}(fT)
\]
where \( \text{sinc}(fT) = \frac{\sin(\pi f T)}{\pi f T} \)

So,
\[
S_{xx}(f) = |A T \cdot \text{sinc}(fT)|^2 = A^2 T^2 \cdot \text{sinc}^2(fT)
\]

---

### 3. **Evaluate at \( f = 0.75 / T \)**

Plug in \( f = \frac{0.75}{T} \):

\[
fT = 0.75
\]

Then:
\[
\text{sinc}(fT) = \text{sinc}(0.75) = \frac{\sin(\pi \cdot 0.75)}{\pi \cdot 0.75}
= \frac{\sin(3\pi/4)}{3\pi/4}
= \frac{\sqrt{2}/2}{3\pi/4}
= \frac{2\sqrt{2}}{3\pi}
\]

So:
\[
\text{sinc}^2(fT) = \left( \frac{2\sqrt{2}}{3\pi} \right)^2 = \frac{8}{9\pi^2}
\]

Therefore, the ESD at \( f = 0.75/T \) is:

\[
S_{xx}\left(\frac{0.75}{T}\right) = A^2 T^2 \cdot \frac{8}{9\pi^2}
\]

---

### ✅ Final Answer:
\[
\boxed{S_{xx}\left(\frac{0.75}{T}\right) = \frac{8A^2 T^2}{9\pi^2}}
\]

This is the energy spectral density at that frequency, assuming the pulse amplitude is \( A \). If \( A = 1 \), it simplifies to \( \frac{8T^2}{9\pi^2} \).",0.090 A^2 T^2,1.0,0.048499949999999986
"In a digital system, if the bit rate is 100 Mbps and the modulation is 64-QAM, what is the symbol rate (in MBaud)?","To calculate the symbol rate (in MBaud) given the bit rate and modulation scheme:

### Given:
- Bit rate = 100 Mbps
- Modulation = 64-QAM

### Key Concept:
In 64-QAM, each symbol represents **log₂(64) = 6 bits**.

So, the relationship between bit rate (R_b) and symbol rate (R_s) is:

\[
R_b = R_s \times \log_2(M)
\]

Where:
- \( R_b \) = bit rate (in bps)
- \( R_s \) = symbol rate (in baud)
- \( M \) = number of symbols in the modulation (64 for 64-QAM)

### Rearranging for symbol rate:

\[
R_s = \frac{R_b}{\log_2(M)} = \frac{100 \text{ Mbps}}{6} = \frac{100}{6} \text{ MBaud}
\]

\[
R_s ≈ 16.67 \text{ MBaud}
\]

### ✅ Final Answer:
**16.67 MBaud**",16.67,0.5,0.043016449999999984
A source emits symbols from an alphabet of size 4096 with equal probability. What is the entropy per symbol (in bits)?,"To calculate the entropy per symbol for a source that emits symbols from an alphabet of size 4096 with equal probability, we use the formula for entropy of a discrete memoryless source:

\[
H = \log_2(N)
\]

where:
- \( N \) is the number of symbols in the alphabet,
- The logarithm is base 2 (since we want entropy in bits).

Here, \( N = 4096 \).

Now compute:

\[
H = \log_2(4096)
\]

We know that:

\[
2^{12} = 4096
\]

So:

\[
\log_2(4096) = 12
\]

✅ Therefore, the entropy per symbol is:

**12 bits**.",12.0,1.0,0.04219924999999999
"For a matched filter, if the input SNR is -8 dB and the processing gain is 20 dB, what is the output SNR (in dB)?","To calculate the output SNR for a matched filter, you use the following relationship:

\[
\text{Output SNR (dB)} = \text{Input SNR (dB)} + \text{Processing Gain (dB)}
\]

Given:
- Input SNR = -8 dB
- Processing Gain = 20 dB

So,

\[
\text{Output SNR} = -8 \, \text{dB} + 20 \, \text{dB} = 12 \, \text{dB}
\]

✅ **Answer: 12 dB**",12.0,1.0,0.042864899999999984
"In an AM system, if the modulation index is 0.9 and the carrier power is 100 W, what is the sideband power (in W)?","In an AM (Amplitude Modulation) system, the total power is the sum of the carrier power and the sideband power.

The formula for the total power in an AM wave is:

\[
P_{\text{total}} = P_c \left(1 + \frac{m^2}{2}\right)
\]

where:
- \( P_c \) = carrier power
- \( m \) = modulation index

The **sideband power** (\( P_{\text{sb}} \)) is the portion of the total power that is in the sidebands, and it's given by:

\[
P_{\text{sb}} = P_c \cdot \frac{m^2}{2}
\]

Given:
- \( P_c = 100 \, \text{W} \)
- \( m = 0.9 \)

Now plug in the values:

\[
P_{\text{sb}} = 100 \cdot \frac{(0.9)^2}{2} = 100 \cdot \frac{0.81}{2} = 100 \cdot 0.405 = 40.5 \, \text{W}
\]

✅ **Answer: 40.5 W**",40.5,1.0,0.04480919999999998
"For a binary symmetric channel with ε=0.15, what is the probability of receiving a 1 if a 0 was sent?","In a binary symmetric channel (BSC), the probability of receiving a bit that is different from the one sent is called the crossover probability, denoted by ε.

Given:
- ε = 0.15 (the probability that a bit is flipped)

If a **0 was sent**, the possible outcomes are:
- Receive 0 with probability \( 1 - \varepsilon \)
- Receive 1 with probability \( \varepsilon \)

So, the probability of receiving a **1** if a **0 was sent** is:

\[
P(\text{receive } 1 \mid \text{sent } 0) = \varepsilon = 0.15
\]

✅ Final Answer: **0.15**",0.15,1.0,0.04390569999999998
A channel has bandwidth 600 kHz and SNR 9 dB. What is the Shannon capacity (in kbps)?,"To calculate the **Shannon capacity**, we use the formula:

\[
C = B \log_2(1 + \text{SNR})
\]

Where:
- \( C \) = channel capacity in bits per second (bps)
- \( B \) = bandwidth in Hz
- SNR = signal-to-noise ratio (linear, not in dB)

---

### Step 1: Convert SNR from dB to linear scale

Given SNR = 9 dB:

\[
\text{SNR}_{\text{linear}} = 10^{\frac{9}{10}} = 10^{0.9} \approx 7.943
\]

---

### Step 2: Plug values into Shannon’s formula

Bandwidth \( B = 600 \, \text{kHz} = 600,000 \, \text{Hz} \)

\[
C = 600,000 \times \log_2(1 + 7.943) = 600,000 \times \log_2(8.943)
\]

Now compute \( \log_2(8.943) \):

\[
\log_2(8.943) = \frac{\log_{10}(8.943)}{\log_{10}(2)} \approx \frac{0.951}{0.3010} \approx 3.16
\]

(Alternatively, using natural log: \( \frac{\ln(8.943)}{\ln(2)} \approx \frac{2.192}{0.693} \approx 3.16 \))

---

### Step 3: Compute capacity

\[
C \approx 600,000 \times 3.16 = 1,896,000 \, \text{bps} = 1896 \, \text{kbps}
\]

---

✅ **Final Answer:**  
**1896 kbps**",1200.0,0.0,0.04702979999999998
"For a uniform quantizer with L=512 levels and full-scale range 12 V, what is the step size Δ (in mV)?","To find the step size Δ of a uniform quantizer, we use the formula:

\[
\Delta = \frac{\text{Full-scale range}}{L}
\]

Given:
- Full-scale range = 12 V
- Number of levels, L = 512

So,

\[
\Delta = \frac{12\ \text{V}}{512} = \frac{12000\ \text{mV}}{512} \quad \text{(since 1 V = 1000 mV)}
\]

Now compute:

\[
\Delta = \frac{12000}{512} = 23.4375\ \text{mV}
\]

✅ Final Answer:  
**23.4375 mV**",23.44,1.0,0.04584399999999999
"In a QPSK system, if the symbol duration is 20 μs, what is the bit duration (in μs)?","In a QPSK (Quadrature Phase Shift Keying) system:

- Each symbol represents **2 bits** (since QPSK has 4 phase states: 00, 01, 10, 11).
- The symbol duration is given as **20 μs**.

Therefore, the bit duration is:

\[
\text{Bit duration} = \frac{\text{Symbol duration}}{\text{Bits per symbol}} = \frac{20\ \mu s}{2} = 10\ \mu s
\]

**Answer:** 10 μs",10.0,0.5,0.00131135
"A (n,k) code has n=127 and k=120. What is the number of parity bits?","In a block code denoted as (n, k), the parameters represent:

- **n** = total length of the codeword  
- **k** = number of information (data) bits  
- **Number of parity bits = n − k**

Given:
- n = 127  
- k = 120  

So, the number of parity bits is:

**127 − 120 = 7**

✅ Answer: **7 parity bits**",7.0,1.0,0.0010918999999999998
"For a sinusoidal modulating signal, what is the modulation index if the peak amplitude of the modulating signal is 6 V and the carrier amplitude is 30 V?","The modulation index (m) for a sinusoidal modulating signal is defined as:

\[
m = \frac{A_m}{A_c}
\]

where:
- \( A_m \) = peak amplitude of the modulating signal,
- \( A_c \) = peak amplitude of the carrier signal.

Given:
- \( A_m = 6 \, \text{V} \)
- \( A_c = 30 \, \text{V} \)

Substitute into the formula:

\[
m = \frac{6}{30} = 0.2
\]

So, the modulation index is **0.2** (or 20%).",0.2,0.0,0.0016928999999999998
"In a digital system, the symbol error rate is 5×10^-6. If the modulation is 16-QAM with Gray coding, what is approximate bit error rate?","To find the approximate bit error rate (BER) from the symbol error rate (SER) for a 16-QAM system with Gray coding, we use the following relationship:

For M-ary QAM with Gray coding, the BER is approximately:

\[
\text{BER} \approx \frac{1}{\log_2 M} \cdot \text{SER}
\]

Here:
- \( M = 16 \) → \( \log_2 M = \log_2 16 = 4 \)
- SER = \( 5 \times 10^{-6} \)

So:

\[
\text{BER} \approx \frac{1}{4} \times 5 \times 10^{-6} = 1.25 \times 10^{-6}
\]

✅ Final Answer:  
**Approximate Bit Error Rate (BER) = 1.25 × 10⁻⁶**",1.2499999999999999e-06,1.0,0.0025807999999999994
"For a raised-cosine filter with α=1.0 and symbol rate 1 MBaud, what is the absolute bandwidth (in MHz)?","The absolute bandwidth \( B \) of a raised-cosine filter is given by the formula:

\[
B = \frac{R_s}{2} (1 + \alpha)
\]

where:
- \( R_s \) is the symbol rate (in symbols per second),
- \( \alpha \) is the roll-off factor (0 ≤ α ≤ 1).

Given:
- \( R_s = 1 \) MBaud = \( 1 \times 10^6 \) symbols/second,
- \( \alpha = 1.0 \).

Substitute into the formula:

\[
B = \frac{1 \times 10^6}{2} (1 + 1.0) = \frac{10^6}{2} \times 2 = 10^6 \text{ Hz} = 1 \text{ MHz}
\]

✅ Answer: **1 MHz**",1.0,0.5,0.00310605
"A source emits symbols with probabilities 0.5, 0.25, 0.125, 0.125. What is the entropy (in bits per symbol)?","To calculate the entropy of a discrete source, we use the formula:

\[
H = -\sum_{i} p_i \log_2 p_i
\]

Given the probabilities:
- \( p_1 = 0.5 \)
- \( p_2 = 0.25 \)
- \( p_3 = 0.125 \)
- \( p_4 = 0.125 \)

Now compute each term:

1. \( -0.5 \log_2(0.5) = -0.5 \times (-1) = 0.5 \)
2. \( -0.25 \log_2(0.25) = -0.25 \times (-2) = 0.5 \)
3. \( -0.125 \log_2(0.125) = -0.125 \times (-3) = 0.375 \)
4. Same as above: \( -0.125 \log_2(0.125) = 0.375 \)

Now sum them up:

\[
H = 0.5 + 0.5 + 0.375 + 0.375 = 1.75 \text{ bits per symbol}
\]

✅ Final Answer: **1.75 bits per symbol**",1.75,1.0,0.004452149999999999
"In a PCM system, if the sampling frequency is 96 kHz and each sample is represented by 20 bits, what is the bit rate (in Mbps)?","To calculate the bit rate in a Pulse Code Modulation (PCM) system, use the formula:

\[
\text{Bit Rate} = \text{Sampling Frequency} \times \text{Bits per Sample}
\]

Given:
- Sampling frequency = 96 kHz = 96,000 samples/second
- Bits per sample = 20 bits

Now plug in the values:

\[
\text{Bit Rate} = 96,000 \, \text{samples/sec} \times 20 \, \text{bits/sample} = 1,920,000 \, \text{bits/sec}
\]

Convert to Mbps (Megabits per second):

\[
1,920,000 \, \text{bps} = 1.92 \, \text{Mbps}
\]

✅ Final Answer: **1.92 Mbps**",1.92,0.5,0.0023229999999999995
"For a binary symmetric channel, if the error probability is 0.11, what is the channel capacity (in bits per use)?","For a **binary symmetric channel (BSC)** with error probability \( p \), the **channel capacity** \( C \) in bits per use is given by:

\[
C = 1 - H(p)
\]

where \( H(p) \) is the binary entropy function:

\[
H(p) = -p \log_2 p - (1 - p) \log_2 (1 - p)
\]

Given:  
\( p = 0.11 \)

---

### Step 1: Compute \( H(0.11) \)

\[
H(0.11) = -0.11 \log_2 0.11 - 0.89 \log_2 0.89
\]

First, compute the logarithms (base 2):

- \( \log_2 0.11 \approx \frac{\ln 0.11}{\ln 2} \approx \frac{-2.2073}{0.6931} \approx -3.185 \)
- \( \log_2 0.89 \approx \frac{\ln 0.89}{\ln 2} \approx \frac{-0.1165}{0.6931} \approx -0.1681 \)

Now plug in:

\[
H(0.11) = -0.11 \times (-3.185) - 0.89 \times (-0.1681)
= 0.35035 + 0.149609
\approx 0.49996
\]

So \( H(0.11) \approx 0.5 \) bits

---

### Step 2: Compute Capacity

\[
C = 1 - H(0.11) \approx 1 - 0.5 = 0.5 \text{ bits per use}
\]

✅ **Final Answer:**  
**0.5 bits per use**

(Note: This is a good approximation — more precise computation gives about 0.49996, which rounds to 0.5 for most practical purposes.)",0.5,1.0,0.0060703499999999995
What is the bandwidth of a DSB-SC signal if the modulating signal has bandwidth 15 kHz?,"The bandwidth of a Double Sideband Suppressed Carrier (DSB-SC) signal is **twice the bandwidth of the modulating signal**.

Given:
- Bandwidth of the modulating signal = 15 kHz

Therefore, the bandwidth of the DSB-SC signal is:

\[
\text{Bandwidth} = 2 \times 15\ \text{kHz} = 30\ \text{kHz}
\]

✅ Answer: **30 kHz**",30000.0,1.0,0.0008349999999999998
"For a rectangular pulse of width T, what is the 50-dB bandwidth (in terms of 1/T)?","The 50-dB bandwidth of a rectangular pulse of width \( T \) refers to the frequency range over which the magnitude of its Fourier transform (spectrum) drops by 50 dB from its peak value.

The Fourier transform of a rectangular pulse of duration \( T \) is:

\[
\text{rect}(t/T) \xrightarrow{\mathcal{F}} T \cdot \text{sinc}(\pi f T)
\]

where:
- \( \text{sinc}(x) = \frac{\sin x}{x} \)
- The peak of the spectrum occurs at \( f = 0 \), and the peak value is \( T \).

We want the frequency \( f_{50} \) such that:

\[
20 \log_{10} \left( \frac{|T \cdot \text{sinc}(\pi f_{50} T)|}{T} \right) = -50 \, \text{dB}
\]

Simplify:
\[
20 \log_{10} |\text{sinc}(\pi f_{50} T)| = -50
\]

Divide both sides by 20:
\[
\log_{10} |\text{sinc}(\pi f_{50} T)| = -2.5
\]

Take base-10 exponent:
\[
|\text{sinc}(\pi f_{50} T)| = 10^{-2.5} = 0.003162
\]

Now solve for \( f_{50} \):

Let \( x = \pi f_{50} T \). Then:

\[
|\text{sinc}(x)| = 0.003162
\]

This equation must be solved numerically. The first zero-crossing of sinc(x) is at \( x = \pi \), and the first side lobe peaks near \( x \approx 4.4934 \) (the first root of \( \cos(x) = 0 \) after 0).

But we’re looking for where \( |\text{sinc}(x)| = 0.003162 \), which is much smaller — this corresponds to a point in the **first sidelobe** or further out.

Using known results or numerical solving:

- For \( |\text{sinc}(x)| = 0.003162 \), the smallest positive solution is approximately:
  
  \[
  x \approx 10.86
  \]

So:

\[
\pi f_{50} T = 10.86 \quad \Rightarrow \quad f_{50} = \frac{10.86}{\pi T} \approx \frac{3.457}{T}
\]

✅ Therefore, the 50-dB bandwidth is approximately:

\[
\boxed{\frac{3.46}{T}}
\]

This is the frequency range (in Hz) where the spectrum is within 50 dB of the peak — often called the ""50 dB bandwidth"" or ""noise-equivalent bandwidth"" for practical applications like radar or communications.",0.08,0.0,0.009297949999999998
"If the bit rate is 25 Mbps and the modulation is BPSK, what is the null-to-null bandwidth (in MHz)?","For Binary Phase Shift Keying (BPSK), the relationship between the bit rate and the null-to-null bandwidth is straightforward.

### Key Concept:
In BPSK:
- The symbol rate (baud rate) equals the bit rate because each symbol carries 1 bit.
- The null-to-null bandwidth of a BPSK signal is approximately **twice the symbol rate** (or bit rate, since they're equal).

This comes from the fact that BPSK uses a rectangular pulse shape in its baseband representation, and the first nulls of its spectrum occur at ±1/T, where T is the symbol period. So, the total bandwidth (null-to-null) is:

\[
B = 2 \times R_s
\]

Where:
- \( R_s \) = symbol rate = bit rate (for BPSK)
- Bit rate = 25 Mbps

So,

\[
B = 2 \times 25 \text{ Mbps} = 50 \text{ MHz}
\]

### ✅ Final Answer:
**50 MHz**",50.0,0.5,0.007403149999999999
A source emits symbols from an alphabet of size 8192 with equal probability. What is the entropy per symbol (in bits)?,"To calculate the entropy per symbol when all symbols are equally probable, we use the formula for entropy:

\[
H = \log_2(N)
\]

where \( N \) is the number of possible symbols.

Here, the alphabet size is \( N = 8192 \).

So,

\[
H = \log_2(8192)
\]

We can simplify this by recognizing that:

\[
8192 = 2^{13}
\]

Therefore,

\[
\log_2(8192) = \log_2(2^{13}) = 13
\]

✅ Final Answer:
**13 bits per symbol**.",13.0,1.0,0.0061591499999999995
"In a digital system, the noise power is 10^{-12} W and signal power is 10^{-9} W. What is SNR in dB?","To calculate the Signal-to-Noise Ratio (SNR) in decibels (dB), use the formula:

\[
\text{SNR (dB)} = 10 \log_{10} \left( \frac{\text{Signal Power}}{\text{Noise Power}} \right)
\]

Given:
- Signal Power = \( 10^{-9} \) W
- Noise Power = \( 10^{-12} \) W

Substitute into the formula:

\[
\text{SNR (dB)} = 10 \log_{10} \left( \frac{10^{-9}}{10^{-12}} \right)
= 10 \log_{10} \left( 10^{3} \right)
= 10 \times 3
= 30 \, \text{dB}
\]

✅ Final Answer: **30 dB**",30.0,1.0,0.005578699999999999
"For a matched filter, if the input signal energy is 4 μJ and noise PSD N0=4×10^{-12} W/Hz, what is the output SNR (linear)?","To calculate the output Signal-to-Noise Ratio (SNR) for a matched filter, we use the fundamental formula:

\[
\text{SNR}_{\text{out}} = \frac{2E}{N_0}
\]

where:
- \( E \) is the energy of the input signal (in joules),
- \( N_0 \) is the noise power spectral density (in W/Hz).

### Given:
- Signal energy: \( E = 4 \, \mu\text{J} = 4 \times 10^{-6} \, \text{J} \)
- Noise PSD: \( N_0 = 4 \times 10^{-12} \, \text{W/Hz} \)

### Plug into the formula:

\[
\text{SNR}_{\text{out}} = \frac{2 \times (4 \times 10^{-6})}{4 \times 10^{-12}} = \frac{8 \times 10^{-6}}{4 \times 10^{-12}} = 2 \times 10^{6}
\]

### Final Answer:
\[
\text{SNR}_{\text{out}} = 2 \times 10^6 \quad \text{(linear)}
\]

So, the output SNR is **2,000,000** (or 2 × 10⁶) in linear scale.",2000000.0,1.0,0.01254824999999999
"If the sampling rate is 35 kHz, what is the maximum analog frequency (in kHz) that can be represented?","According to the **Nyquist-Shannon sampling theorem**, the maximum analog frequency that can be accurately represented without aliasing is **half the sampling rate**.

Given:
- Sampling rate = 35 kHz

Maximum analog frequency =  
\[
\frac{35\ \text{kHz}}{2} = 17.5\ \text{kHz}
\]

✅ So, the maximum analog frequency that can be represented is **17.5 kHz**.",17.5,0.5,0.007609699999999999
"A binary symmetric channel has crossover probability 0.45. If the input symbols are equally likely, what is the probability of receiving a 0?","We are given:

- A binary symmetric channel (BSC) with crossover probability \( p = 0.45 \)
- Input symbols are equally likely: \( P(X = 0) = P(X = 1) = 0.5 \)

We are asked to find the probability of receiving a 0, i.e., \( P(Y = 0) \).

---

### Step-by-step Solution:

In a BSC:
- With probability \( 1 - p \), the received symbol equals the transmitted symbol.
- With probability \( p \), it is flipped.

So, the probability of receiving a 0 can happen in two ways:

1. A 0 was sent and not flipped:  
   \( P(X=0) \cdot (1 - p) = 0.5 \cdot (1 - 0.45) = 0.5 \cdot 0.55 = 0.275 \)

2. A 1 was sent and flipped to 0:  
   \( P(X=1) \cdot p = 0.5 \cdot 0.45 = 0.225 \)

Now add both cases:

\[
P(Y = 0) = 0.275 + 0.225 = 0.5
\]

---

✅ **Answer:** \( \mathbf{0.5} \)

This makes sense due to symmetry — even though the crossover probability is 0.45 (not 0.5), because the input is equally likely and the channel flips with probability \( p = 0.45 \), the output is still symmetric: \( P(Y=0) = P(Y=1) = 0.5 \).",0.5,1.0,0.010606049999999997
"For QPSK, if the symbol energy is 20 μJ, what is the energy per bit (in μJ)?","In QPSK (Quadrature Phase Shift Keying), each symbol represents **2 bits**.

Given:
- Symbol energy \( E_s = 20 \, \mu\text{J} \)

Since each symbol carries 2 bits, the energy per bit \( E_b \) is:

\[
E_b = \frac{E_s}{\log_2(M)}
\]

For QPSK, \( M = 4 \), so \( \log_2(4) = 2 \).

\[
E_b = \frac{20 \, \mu\text{J}}{2} = 10 \, \mu\text{J}
\]

✅ **Answer: 10 μJ**",10.0,1.0,0.00489915
"In a (7,4) Hamming code, what is the code rate?","In a (7,4) Hamming code:

- **n = 7** is the total number of bits in each codeword (including parity bits),
- **k = 4** is the number of information (data) bits.

The **code rate** \( R \) is defined as:

\[
R = \frac{k}{n}
\]

So for the (7,4) Hamming code:

\[
R = \frac{4}{7}
\]

✅ **Answer:** The code rate is **4/7**.",0.571,0.0,0.0042696999999999995
"For a uniform quantizer with 18 bits, what is the SQNR (in dB) for a full-scale sinusoid?","To calculate the Signal-to-Quantization Noise Ratio (SQNR) for a uniform quantizer with 18 bits, we can use the standard formula for a full-scale sinusoidal signal:

\[
\text{SQNR (dB)} = 6.02 \times n + 1.76
\]

where:
- \( n \) is the number of bits in the quantizer.

Given that \( n = 18 \):

\[
\text{SQNR} = 6.02 \times 18 + 1.76
\]
\[
= 108.36 + 1.76
\]
\[
= 110.12 \, \text{dB}
\]

✅ Therefore, the SQNR for a uniform quantizer with 18 bits and a full-scale sinusoid is **110.12 dB**.",110.12,1.0,0.007108199999999999
A channel has bandwidth 5 MHz and SNR 15 dB. What is the Shannon capacity (in Mbps)?,"To calculate the Shannon capacity, we use the Shannon-Hartley theorem:

\[
C = B \log_2(1 + \text{SNR})
\]

Where:
- \( C \) = channel capacity in bits per second (bps)
- \( B \) = bandwidth in Hz
- SNR = signal-to-noise ratio (linear, not in dB)

---

### Step 1: Convert SNR from dB to linear scale

Given SNR = 15 dB:

\[
\text{SNR}_{\text{linear}} = 10^{\frac{15}{10}} = 10^{1.5} = 31.6228
\]

---

### Step 2: Plug into the formula

Bandwidth \( B = 5 \, \text{MHz} = 5 \times 10^6 \, \text{Hz} \)

\[
C = 5 \times 10^6 \times \log_2(1 + 31.6228) = 5 \times 10^6 \times \log_2(32.6228)
\]

Now compute \( \log_2(32.6228) \):

\[
\log_2(32.6228) = \frac{\log_{10}(32.6228)}{\log_{10}(2)} \approx \frac{1.5135}{0.3010} \approx 5.028
\]

---

### Step 3: Multiply

\[
C \approx 5 \times 10^6 \times 5.028 = 25.14 \times 10^6 \, \text{bps} = 25.14 \, \text{Mbps}
\]

---

### ✅ Final Answer:
**25.14 Mbps**",25.0,0.5,0.009698249999999997
"For BPSK, if the bit duration is 0.025 μs, what is the null-to-null bandwidth (in MHz)?","For BPSK (Binary Phase Shift Keying), the null-to-null bandwidth is determined by the bit rate and the signal's spectral characteristics.

### Step 1: Calculate the Bit Rate
Given:
- Bit duration \( T_b = 0.025 \, \mu s = 25 \times 10^{-9} \, s \)

The bit rate \( R_b \) is:
\[
R_b = \frac{1}{T_b} = \frac{1}{25 \times 10^{-9}} = 40 \times 10^6 \, \text{bits per second} = 40 \, \text{Mbps}
\]

### Step 2: Null-to-Null Bandwidth for BPSK
For a BPSK signal using rectangular pulses (common assumption unless stated otherwise), the null-to-null bandwidth is approximately:
\[
B_{\text{null-to-null}} = 2 \times R_b
\]
This is because the first nulls of the sinc-shaped spectrum occur at ±\( R_b \), so the total width between the first nulls is \( 2R_b \).

Thus:
\[
B_{\text{null-to-null}} = 2 \times 40 \, \text{MHz} = 80 \, \text{MHz}
\]

### ✅ Final Answer:
**80 MHz**",80.0,0.5,0.013521849999999992
"In a binary system, if the bit error probability is 0.0005, what is the probability that a 16-bit word has no error?","To find the probability that a 16-bit word has **no error**, given that the bit error probability is \( p = 0.0005 \), we assume each bit is independent.

---

### Step-by-step:

- Probability that a **single bit is correct** (no error) = \( 1 - p = 1 - 0.0005 = 0.9995 \)
- For a 16-bit word to have **no errors**, all 16 bits must be correct.
- Since bits are independent, multiply the probabilities:

\[
P(\text{no error in 16-bit word}) = (0.9995)^{16}
\]

---

### Calculate:
We can compute this using logarithms or a calculator:

\[
(0.9995)^{16} \approx e^{16 \cdot \ln(0.9995)}
\]

First, compute \( \ln(0.9995) \approx -0.000500125 \)

Then:

\[
16 \cdot (-0.000500125) = -0.008002
\]

\[
e^{-0.008002} \approx 0.99202
\]

---

### ✅ Final Answer:
\[
\boxed{0.9920}
\]

So, the probability that a 16-bit word has no error is approximately **0.9920** or **99.20%**.",0.992,0.0,0.008438799999999998
A PCM system samples at 24 kHz and uses 14 bits per sample. What is the data rate (in kbps)?,"To calculate the data rate of a PCM (Pulse Code Modulation) system:

**Data Rate (in kbps) = Sampling Rate (in kHz) × Bits per Sample**

Given:
- Sampling Rate = 24 kHz
- Bits per Sample = 14 bits

So,

**Data Rate = 24 kHz × 14 bits = 336 kbps**

✅ Final Answer: **336 kbps**",336.0,0.5,0.010920099999999997
"For a raised-cosine filter with α=0.2, what is the absolute bandwidth if the symbol rate is 8 MBaud?","To find the absolute bandwidth of a raised-cosine filter, we use the formula:

\[
B = \frac{R_s}{2} (1 + \alpha)
\]

Where:
- \( B \) = absolute bandwidth (in Hz),
- \( R_s \) = symbol rate (in baud),
- \( \alpha \) = roll-off factor.

Given:
- \( R_s = 8 \times 10^6 \) baud (8 MBaud),
- \( \alpha = 0.2 \).

Plug in the values:

\[
B = \frac{8 \times 10^6}{2} (1 + 0.2) = 4 \times 10^6 \times 1.2 = 4.8 \times 10^6 \text{ Hz}
\]

✅ So, the absolute bandwidth is **4.8 MHz**.",4800000.0,1.0,0.012900899999999991
"If the modulation index of FM is 8 and the modulating frequency is 1.5 kHz, what is the frequency deviation (in kHz)?","In Frequency Modulation (FM), the **modulation index** (β) is defined as:

\[
\beta = \frac{\Delta f}{f_m}
\]

Where:
- \( \Delta f \) = frequency deviation (in kHz or Hz)
- \( f_m \) = modulating frequency (in kHz or Hz)
- \( \beta \) = modulation index (dimensionless)

Given:
- \( \beta = 8 \)
- \( f_m = 1.5 \, \text{kHz} \)

We solve for \( \Delta f \):

\[
\Delta f = \beta \times f_m = 8 \times 1.5 = 12 \, \text{kHz}
\]

✅ **Answer: 12 kHz**",12.0,0.5,0.012155149999999991
"In a digital communication system, the symbol rate is 4 MBaud and the bandwidth is 3 MHz. What is the spectral efficiency (in bps/Hz)?","To calculate the **spectral efficiency** in **bps/Hz**, we use the formula:

\[
\text{Spectral Efficiency} = \frac{\text{Bit Rate (bps)}}{\text{Bandwidth (Hz)}}
\]

We are given:

- Symbol rate = 4 MBaud = 4 × 10⁶ symbols/second  
- Bandwidth = 3 MHz = 3 × 10⁶ Hz

However, to compute spectral efficiency, we need the **bit rate**, not just the symbol rate. The bit rate depends on how many bits are carried per symbol — which is related to the modulation scheme (e.g., QPSK = 2 bits/symbol, 16-QAM = 4 bits/symbol, etc.).

But the problem does **not specify** the number of bits per symbol. So, we must assume that each symbol carries **1 bit** — a common default assumption when no modulation is specified.

Thus:
- Bit rate ≈ Symbol rate = 4 Mbps

Now compute:

\[
\text{Spectral Efficiency} = \frac{4 \times 10^6 \text{ bps}}{3 \times 10^6 \text{ Hz}} = \frac{4}{3} \approx 1.33 \text{ bps/Hz}
\]

✅ Final Answer: **1.33 bps/Hz**",1.33,0.0,0.015796449999999993
"For a Gaussian distribution with mean 0 and variance 2, what is the probability that the value is greater than 2?","We are given a Gaussian (normal) distribution with:

- Mean μ = 0  
- Variance σ² = 2 → Standard deviation σ = √2

We want to find the probability that a random variable X from this distribution is greater than 2:

$$
P(X > 2)
$$

### Step 1: Standardize the variable
Convert X to the standard normal variable Z using:

$$
Z = \frac{X - \mu}{\sigma} = \frac{2 - 0}{\sqrt{2}} = \frac{2}{\sqrt{2}} = \sqrt{2} \approx 1.4142
$$

Now we need:

$$
P(X > 2) = P(Z > \sqrt{2}) \approx P(Z > 1.4142)
$$

### Step 2: Use standard normal table or calculator
From standard normal tables or a calculator:

- $ P(Z > 1.4142) = 1 - \Phi(1.4142) $

Where Φ(z) is the cumulative distribution function (CDF) of the standard normal.

Using a calculator or statistical software:
- Φ(1.4142) ≈ 0.9213

So:
$$
P(Z > 1.4142) = 1 - 0.9213 = 0.0787
$$

### ✅ Final Answer:
$$
P(X > 2) \approx 0.0787
$$

Or about **7.87%**.",0.1587,0.0,0.013928249999999991
"A binary source emits symbols with probabilities P(0)=0.95, P(1)=0.05. What is the entropy (in bits per symbol)?","To calculate the entropy of a binary source, we use the formula for Shannon entropy:

\[
H = -\sum_{i} p_i \log_2 p_i
\]

For a binary source with symbols 0 and 1:

\[
H = -P(0) \log_2 P(0) - P(1) \log_2 P(1)
\]

Given:
- \( P(0) = 0.95 \)
- \( P(1) = 0.05 \)

Now plug in the values:

\[
H = -0.95 \log_2(0.95) - 0.05 \log_2(0.05)
\]

We compute each term:

1. \( \log_2(0.95) = \frac{\ln(0.95)}{\ln(2)} \approx \frac{-0.051293}{0.693147} \approx -0.07398 \)

   So,  
   \( -0.95 \times (-0.07398) \approx 0.07028 \)

2. \( \log_2(0.05) = \frac{\ln(0.05)}{\ln(2)} \approx \frac{-2.99573}{0.693147} \approx -4.3219 \)

   So,  
   \( -0.05 \times (-4.3219) \approx 0.2161 \)

Add them together:

\[
H \approx 0.07028 + 0.2161 = 0.28638 \text{ bits per symbol}
\]

✅ Final Answer:
**Approximately 0.286 bits per symbol**",0.286,1.0,0.015282499999999992
"In QPSK, if the bit energy is 0.2 μJ, what is the symbol energy (in μJ)?","In QPSK (Quadrature Phase Shift Keying), each symbol represents **2 bits**.

Given:
- Bit energy \( E_b = 0.2 \, \mu\text{J} \)

Since one symbol carries 2 bits, the symbol energy \( E_s \) is:

\[
E_s = 2 \times E_b = 2 \times 0.2 \, \mu\text{J} = 0.4 \, \mu\text{J}
\]

✅ Answer: **0.4 μJ**",0.4,1.0,0.011822099999999993
"For a (31,26) Hamming code, what is the code rate?","The code rate \( R \) of a block code is given by the formula:

\[
R = \frac{k}{n}
\]

where:
- \( k \) is the number of information bits,
- \( n \) is the total number of bits in a codeword.

For a (31, 26) Hamming code:
- \( n = 31 \) (total bits),
- \( k = 26 \) (information bits).

So the code rate is:

\[
R = \frac{26}{31}
\]

This fraction is already in simplest form since 26 and 31 share no common factors other than 1 (31 is prime and does not divide 26).

✅ Final Answer:  
**\( \frac{26}{31} \)** or approximately **0.8387**",0.839,1.0,0.01266059999999999
"If the SNR at the input of a quantizer is 22 dB and the SQNR is 32 dB, what is the processing gain (in dB)?","The **processing gain** (PG) of a quantizer is defined as the difference between the Signal-to-Quantization-Noise Ratio (SQNR) and the Signal-to-Noise Ratio (SNR) at the input:

\[
\text{PG} = \text{SQNR} - \text{SNR}
\]

Given:
- Input SNR = 22 dB
- SQNR = 32 dB

So,

\[
\text{PG} = 32\ \text{dB} - 22\ \text{dB} = 10\ \text{dB}
\]

✅ **Answer: 10 dB**",10.0,1.0,0.013607999999999992
"For a sinusoidal modulating signal, what is the modulation index if the carrier amplitude is 25 V and the sideband amplitude is 10 V?","To find the **modulation index** (denoted as \( m \)) for a sinusoidal modulating signal in amplitude modulation (AM), we use the relationship between the sideband amplitudes and the carrier amplitude.

For standard AM:

- The amplitude of each sideband is given by:
  \[
  A_{\text{sideband}} = \frac{m \cdot A_c}{2}
  \]
  where:
  - \( A_c \) = carrier amplitude
  - \( m \) = modulation index
  - \( A_{\text{sideband}} \) = amplitude of each sideband

Given:
- \( A_c = 25 \, \text{V} \)
- \( A_{\text{sideband}} = 10 \, \text{V} \)

Plug into the formula:

\[
10 = \frac{m \cdot 25}{2}
\]

Multiply both sides by 2:

\[
20 = 25m
\]

Solve for \( m \):

\[
m = \frac{20}{25} = 0.8
\]

✅ **Answer:** The modulation index is **0.8** (or 80%).",0.8,0.0,0.05184159999999998
"In a binary symmetric channel, if the crossover probability is 0.28, what is the channel capacity (in bits per use)?","The channel capacity \( C \) of a binary symmetric channel (BSC) with crossover probability \( p \) is given by:

\[
C = 1 - H(p)
\]

where \( H(p) \) is the binary entropy function:

\[
H(p) = -p \log_2 p - (1 - p) \log_2 (1 - p)
\]

Given:  
\( p = 0.28 \)

Step 1: Compute \( H(0.28) \)

\[
H(0.28) = -0.28 \log_2 0.28 - 0.72 \log_2 0.72
\]

We compute each term:

- \( \log_2 0.28 = \frac{\ln 0.28}{\ln 2} \approx \frac{-1.27297}{0.6931} \approx -1.8365 \)
- So, \( -0.28 \log_2 0.28 \approx -0.28 \times (-1.8365) \approx 0.5142 \)

- \( \log_2 0.72 = \frac{\ln 0.72}{\ln 2} \approx \frac{-0.3285}{0.6931} \approx -0.4740 \)
- So, \( -0.72 \log_2 0.72 \approx -0.72 \times (-0.4740) \approx 0.3413 \)

Add them:

\[
H(0.28) \approx 0.5142 + 0.3413 = 0.8555 \text{ bits}
\]

Step 2: Compute channel capacity

\[
C = 1 - H(0.28) \approx 1 - 0.8555 = 0.1445 \text{ bits per use}
\]

✅ Final Answer:
\[
\boxed{0.1445} \text{ bits per use}
\]",0.189,0.0,0.05581129999999996
A signal has bandwidth 35 kHz and is sampled at 80 kHz. What is the Nyquist rate (in kHz)?,"The **Nyquist rate** is the minimum sampling rate required to avoid aliasing, and it is defined as:

\[
f_{\text{Nyquist}} = 2 \times f_{\text{max}}
\]

where \( f_{\text{max}} \) is the highest frequency component in the signal.

Given:
- The signal has a **bandwidth of 35 kHz**, which means the highest frequency in the signal is 35 kHz (assuming the signal starts at 0 Hz).
- Therefore, \( f_{\text{max}} = 35 \) kHz.

So, the Nyquist rate is:

\[
f_{\text{Nyquist}} = 2 \times 35 = 70 \text{ kHz}
\]

✅ Answer: **70 kHz**",70.0,0.5,0.05395664999999998
"For BPSK, if the required Eb/N0 for BER=10^-10 is 14 dB, what is the linear γ?","For BPSK, the bit error rate (BER) is given by:

\[
\text{BER} = Q\left(\sqrt{\frac{2E_b}{N_0}}\right)
\]

Where:
- \( E_b/N_0 \) is the energy-per-bit to noise-power-spectral-density ratio (in linear scale),
- \( \gamma = \frac{E_b}{N_0} \) is the signal-to-noise ratio per bit in linear terms,
- The \( Q(x) \) function is the tail probability of the standard normal distribution.

You're given:
- BER = \( 10^{-10} \)
- Required \( E_b/N_0 \) = 14 dB

First, convert 14 dB to linear scale:

\[
\gamma = 10^{(14/10)} = 10^{1.4} \approx 25.1189
\]

So, the linear \( \gamma \) (i.e., \( E_b/N_0 \)) is approximately:

✅ **25.12** (linear)

This is the required signal-to-noise ratio per bit for BPSK to achieve a BER of \( 10^{-10} \).",25.12,0.0,0.054742949999999964
"In a PCM system, if the signal is quantized into 2048 levels, how many bits per sample are needed?","In a Pulse Code Modulation (PCM) system, the number of bits per sample required to represent a given number of quantization levels is determined by the formula:

\[
\text{Number of bits per sample} = \log_2(\text{Number of levels})
\]

Given that the signal is quantized into **2048 levels**:

\[
\log_2(2048) = \log_2(2^{11}) = 11
\]

✅ Therefore, **11 bits per sample** are needed.",11.0,1.0,0.05328224999999998
"For a rectangular pulse of duration T, what is the energy spectral density at f=1.5/T?","To find the energy spectral density (ESD) of a rectangular pulse at a specific frequency, we need to follow these steps:

### 1. Define the Rectangular Pulse
A rectangular pulse of duration \( T \) and amplitude \( A \) can be written as:
\[
x(t) = 
\begin{cases}
A, & |t| \leq \frac{T}{2} \\
0, & \text{otherwise}
\end{cases}
\]

### 2. Compute the Fourier Transform
The Fourier transform of \( x(t) \) is:
\[
X(f) = A T \cdot \text{sinc}(fT)
\]
where \( \text{sinc}(fT) = \frac{\sin(\pi f T)}{\pi f T} \)

### 3. Energy Spectral Density (ESD)
The ESD is given by:
\[
S_{xx}(f) = |X(f)|^2
\]

So,
\[
S_{xx}(f) = \left| A T \cdot \text{sinc}(fT) \right|^2 = A^2 T^2 \cdot \text{sinc}^2(fT)
\]

### 4. Evaluate at \( f = \frac{1.5}{T} \)
Plug in \( f = \frac{1.5}{T} \):
\[
S_{xx}\left(\frac{1.5}{T}\right) = A^2 T^2 \cdot \text{sinc}^2\left( \frac{1.5}{T} \cdot T \right) = A^2 T^2 \cdot \text{sinc}^2(1.5)
\]

Now compute \( \text{sinc}(1.5) \):
\[
\text{sinc}(1.5) = \frac{\sin(\pi \cdot 1.5)}{\pi \cdot 1.5} = \frac{\sin(1.5\pi)}{1.5\pi}
\]

We know:
\[
\sin(1.5\pi) = \sin\left(\frac{3\pi}{2}\right) = -1
\]

So:
\[
\text{sinc}(1.5) = \frac{-1}{1.5\pi} = -\frac{2}{3\pi}
\]

Then:
\[
\text{sinc}^2(1.5) = \left( \frac{2}{3\pi} \right)^2 = \frac{4}{9\pi^2}
\]

Therefore:
\[
S_{xx}\left(\frac{1.5}{T}\right) = A^2 T^2 \cdot \frac{4}{9\pi^2} = \frac{4 A^2 T^2}{9\pi^2}
\]

### ✅ Final Answer:
\[
\boxed{\frac{4 A^2 T^2}{9\pi^2}}
\]

This is the energy spectral density at \( f = \frac{1.5}{T} \).  
(Note: If \( A = 1 \), it simplifies to \( \frac{4 T^2}{9\pi^2} \).)",0.045 A^2 T^2,1.0,0.05975114999999996
"In a digital system, if the bit rate is 80 Mbps and the modulation is 256-QAM, what is the symbol rate (in MBaud)?","To calculate the symbol rate (in MBaud) given the bit rate and modulation scheme:

### Given:
- Bit rate = 80 Mbps  
- Modulation = 256-QAM

### Step 1: Understand 256-QAM
In 256-QAM, each symbol represents **log₂(256) = 8 bits**.

### Step 2: Formula
\[
\text{Symbol Rate (in Baud)} = \frac{\text{Bit Rate}}{\text{Bits per Symbol}}
\]

\[
\text{Symbol Rate} = \frac{80 \text{ Mbps}}{8 \text{ bits/symbol}} = 10 \text{ MBaud}
\]

### ✅ Final Answer:
**10 MBaud**",10.0,0.5,0.05405959999999998
A source emits symbols from an alphabet of size 16384 with equal probability. What is the entropy per symbol (in bits)?,"To calculate the entropy per symbol for a source that emits symbols from an alphabet of size \( N = 16384 \) with equal probability, we use the formula for entropy of a discrete uniform distribution:

\[
H = \log_2(N)
\]

Here, \( N = 16384 \), so:

\[
H = \log_2(16384)
\]

We can simplify this by expressing 16384 as a power of 2:

\[
16384 = 2^{14}
\]

Therefore:

\[
H = \log_2(2^{14}) = 14
\]

✅ So, the entropy per symbol is **14 bits**.",14.0,1.0,0.05425554999999997
"For a matched filter, if the input SNR is -10 dB and the processing gain is 25 dB, what is the output SNR (in dB)?","To calculate the output SNR of a matched filter, you use the relationship:

\[
\text{Output SNR (dB)} = \text{Input SNR (dB)} + \text{Processing Gain (dB)}
\]

Given:
- Input SNR = -10 dB
- Processing Gain = 25 dB

So:

\[
\text{Output SNR} = -10 \, \text{dB} + 25 \, \text{dB} = 15 \, \text{dB}
\]

✅ **Answer: 15 dB**",15.0,1.0,0.053584199999999985
"In an AM system, if the modulation index is 1.0 and the carrier power is 200 W, what is the sideband power (in W)?","In an AM (Amplitude Modulation) system, the total power is the sum of the carrier power and the sideband power. The sideband power depends on the modulation index \( m \).

The formula for the total power in an AM wave is:

\[
P_{\text{total}} = P_c \left(1 + \frac{m^2}{2}\right)
\]

Where:
- \( P_c \) = Carrier power
- \( m \) = Modulation index

The sideband power \( P_{\text{sb}} \) is the total power minus the carrier power:

\[
P_{\text{sb}} = P_{\text{total}} - P_c = P_c \left(1 + \frac{m^2}{2}\right) - P_c = P_c \cdot \frac{m^2}{2}
\]

Given:
- \( P_c = 200 \, \text{W} \)
- \( m = 1.0 \)

Substitute into the formula:

\[
P_{\text{sb}} = 200 \times \frac{1^2}{2} = 200 \times \frac{1}{2} = 100 \, \text{W}
\]

**Answer: 100 W**",100.0,1.0,0.05514249999999996
"For a binary symmetric channel with ε=0.2, what is the probability of receiving a 0 if a 1 was sent?","In a binary symmetric channel (BSC), the probability of receiving a bit that is different from the one sent is called the crossover probability, denoted by ε.

Given:
- ε = 0.2
- A 1 was sent

The question asks: What is the probability of receiving a 0 if a 1 was sent?

This is exactly the definition of the crossover probability — the chance that a transmitted bit is flipped.

So,  
**P(receive 0 | send 1) = ε = 0.2**

✅ Answer: **0.2**",0.2,1.0,0.053355449999999985
A channel has bandwidth 800 kHz and SNR 10 dB. What is the Shannon capacity (in kbps)?,"To calculate the **Shannon capacity** of a channel, we use the Shannon-Hartley theorem:

\[
C = B \log_2(1 + \text{SNR})
\]

Where:
- \( C \) is the channel capacity in bits per second (bps),
- \( B \) is the bandwidth in Hz,
- SNR is the signal-to-noise ratio (linear, not in dB).

---

### Given:
- Bandwidth \( B = 800 \, \text{kHz} = 800,000 \, \text{Hz} \)
- SNR = 10 dB

Convert SNR from dB to linear scale:

\[
\text{SNR}_{\text{linear}} = 10^{\frac{\text{SNR}_{\text{dB}}}{10}} = 10^{\frac{10}{10}} = 10^1 = 10
\]

Now plug into the formula:

\[
C = 800,000 \times \log_2(1 + 10) = 800,000 \times \log_2(11)
\]

Calculate \( \log_2(11) \):

\[
\log_2(11) = \frac{\log_{10}(11)}{\log_{10}(2)} \approx \frac{1.0414}{0.3010} \approx 3.46
\]

Now compute capacity:

\[
C \approx 800,000 \times 3.46 = 2,768,000 \, \text{bps} = 2768 \, \text{kbps}
\]

---

✅ Final Answer:  
**2768 kbps**",2760.0,0.5,0.06364004999999998
"For a uniform quantizer with L=1024 levels and full-scale range 16 V, what is the step size Δ (in mV)?","To find the step size Δ of a uniform quantizer, we use the formula:

\[
\Delta = \frac{\text{Full-scale range}}{L}
\]

Given:
- Full-scale range = 16 V
- Number of levels, \( L = 1024 \)

So,

\[
\Delta = \frac{16\ \text{V}}{1024} = 0.015625\ \text{V}
\]

Convert to millivolts (mV):

\[
0.015625\ \text{V} = 15.625\ \text{mV}
\]

✅ Final Answer:
**15.625 mV**",15.63,1.0,0.05524114999999996
"In a QPSK system, if the symbol duration is 40 μs, what is the bit duration (in μs)?","In a QPSK (Quadrature Phase Shift Keying) system:

- Each symbol represents **2 bits**.
- The symbol duration is given as **40 μs**.

To find the bit duration:

\[
\text{Bit duration} = \frac{\text{Symbol duration}}{\text{Bits per symbol}} = \frac{40\ \mu s}{2} = 20\ \mu s
\]

✅ Answer: **20 μs**",20.0,0.5,0.054805949999999964
"A (n,k) code has n=255 and k=247. What is the number of parity bits?","In a (n, k) error-correcting code:

- \( n \) is the total number of bits in each codeword (block length),
- \( k \) is the number of data bits (message length),
- The number of **parity bits** is given by:

\[
n - k
\]

Given:
- \( n = 255 \)
- \( k = 247 \)

So the number of parity bits is:

\[
255 - 247 = 8
\]

✅ **Answer: 8 parity bits**.",8.0,1.0,0.05692484999999996
"For a sinusoidal modulating signal, what is the modulation index if the peak amplitude of the modulating signal is 8 V and the carrier amplitude is 40 V?","The modulation index (μ) for a sinusoidal modulating signal is given by the formula:

\[
\mu = \frac{A_m}{A_c}
\]

Where:
- \( A_m \) = peak amplitude of the modulating signal  
- \( A_c \) = peak amplitude of the carrier signal

Given:
- \( A_m = 8 \, \text{V} \)
- \( A_c = 40 \, \text{V} \)

Substitute into the formula:

\[
\mu = \frac{8}{40} = 0.2
\]

✅ So, the modulation index is **0.2** (or 20%).",0.2,0.0,0.05670759999999996
"In a digital system, the symbol error rate is 10^-7. If the modulation is 64-QAM with Gray coding, what is approximate bit error rate?","To estimate the bit error rate (BER) from the symbol error rate (SER) for a 64-QAM system with Gray coding, we can use the following approximation:

### Key Concepts:
- **64-QAM** means each symbol represents **log₂(64) = 6 bits**.
- **Gray coding** ensures that adjacent symbols differ by only one bit, so when a symbol error occurs, it typically results in **only 1 bit error**.
- For small SER, the BER ≈ SER / (number of bits per symbol).

### Formula:
\[
\text{BER} \approx \frac{\text{SER}}{6}
\]

Given:
\[
\text{SER} = 10^{-7}
\]

So:
\[
\text{BER} \approx \frac{10^{-7}}{6} \approx 1.67 \times 10^{-8}
\]

### ✅ Final Answer:
**Approximate Bit Error Rate (BER) ≈ 1.7 × 10⁻⁸**",1.67e-08,0.9,0.057515049999999956
"For a raised-cosine filter with α=0.5 and symbol rate 20 MBaud, what is the absolute bandwidth (in MHz)?","To calculate the absolute bandwidth of a raised-cosine filter, we use the formula:

\[
B = \frac{R_s}{2} (1 + \alpha)
\]

Where:
- \( B \) is the absolute bandwidth (in Hz),
- \( R_s \) is the symbol rate (in symbols per second),
- \( \alpha \) is the roll-off factor.

Given:
- \( R_s = 20 \, \text{MBaud} = 20 \times 10^6 \, \text{symbols/sec} \),
- \( \alpha = 0.5 \).

Plug in the values:

\[
B = \frac{20 \times 10^6}{2} (1 + 0.5) = 10 \times 10^6 \times 1.5 = 15 \times 10^6 \, \text{Hz}
\]

So, the absolute bandwidth is:

\[
\boxed{15} \, \text{MHz}
\]",15.0,0.5,0.058286749999999964
"A source emits symbols with probabilities 0.4, 0.4, 0.1, 0.1. What is the entropy (in bits per symbol)?","To calculate the entropy of a discrete source, we use the formula:

\[
H = -\sum_{i=1}^{n} p_i \log_2 p_i
\]

Given probabilities:  
\( p_1 = 0.4 \), \( p_2 = 0.4 \), \( p_3 = 0.1 \), \( p_4 = 0.1 \)

Now compute each term:

1. For \( p = 0.4 \):  
\[
-0.4 \log_2 0.4 = -0.4 \times \log_2 (2^{-1.3219}) \approx -0.4 \times (-1.3219) = 0.52876
\]
Alternatively, using calculator:
\[
\log_2(0.4) \approx -1.3219 \Rightarrow -0.4 \times (-1.3219) = 0.52876
\]

So for two symbols with \( p = 0.4 \):  
\[
2 \times 0.52876 = 1.05752
\]

2. For \( p = 0.1 \):  
\[
-0.1 \log_2 0.1 = -0.1 \times \log_2 (10^{-1}) = -0.1 \times (-3.3219) = 0.33219
\]
(Since \( \log_2(0.1) = \frac{\log_{10}(0.1)}{\log_{10}(2)} = \frac{-1}{0.3010} \approx -3.3219 \))

So for two symbols with \( p = 0.1 \):  
\[
2 \times 0.33219 = 0.66438
\]

Total entropy:
\[
H = 1.05752 + 0.66438 = 1.7219 \text{ bits per symbol}
\]

✅ Final Answer: **1.72 bits per symbol** (rounded to two decimal places)",1.721,1.0,0.06518134999999997
"In a PCM system, if the sampling frequency is 192 kHz and each sample is represented by 24 bits, what is the bit rate (in Mbps)?","To calculate the bit rate in a Pulse Code Modulation (PCM) system, use the formula:

\[
\text{Bit Rate} = \text{Sampling Frequency} \times \text{Bits per Sample}
\]

Given:
- Sampling frequency = 192 kHz = 192,000 samples/second
- Bits per sample = 24 bits

\[
\text{Bit Rate} = 192,\!000 \, \text{samples/s} \times 24 \, \text{bits/sample} = 4,\!608,\!000 \, \text{bits/s}
\]

Convert to Mbps (megabits per second):

\[
4,\!608,\!000 \, \text{bps} = 4.608 \, \text{Mbps}
\]

✅ Final Answer: **4.608 Mbps**",4.608,0.5,0.05808344999999996
"For a binary symmetric channel, if the error probability is 0.25, what is the channel capacity (in bits per use)?","For a binary symmetric channel (BSC) with error probability \( p \), the channel capacity \( C \) in bits per use is given by:

\[
C = 1 - H(p)
\]

where \( H(p) \) is the binary entropy function:

\[
H(p) = -p \log_2 p - (1 - p) \log_2 (1 - p)
\]

Given:  
\( p = 0.25 \)

### Step 1: Compute \( H(0.25) \)

\[
H(0.25) = -0.25 \log_2(0.25) - 0.75 \log_2(0.75)
\]

We compute each term:

- \( \log_2(0.25) = \log_2(1/4) = -2 \)
- \( \log_2(0.75) \approx \log_2(3/4) = \log_2(3) - \log_2(4) \approx 1.58496 - 2 = -0.41504 \)

Now plug in:

\[
H(0.25) = -0.25(-2) - 0.75(-0.41504) = 0.5 + 0.31128 = 0.81128
\]

(Alternatively, using exact computation or calculator:  
\( H(0.25) \approx 0.811278 \))

### Step 2: Compute capacity

\[
C = 1 - H(0.25) \approx 1 - 0.811278 = 0.188722
\]

### Final Answer:
**Approximately 0.1887 bits per use**

So, the channel capacity is:
\[
\boxed{0.1887} \text{ bits per use}
\]",0.189,0.5,0.06339769999999997
What is the bandwidth of a DSB-SC signal if the modulating signal has bandwidth 20 kHz?,"The bandwidth of a Double Sideband Suppressed Carrier (DSB-SC) signal is **twice** the bandwidth of the modulating signal.

Given:
- Bandwidth of the modulating signal = 20 kHz

Therefore, the bandwidth of the DSB-SC signal is:

\[
\text{Bandwidth}_{\text{DSB-SC}} = 2 \times 20\ \text{kHz} = 40\ \text{kHz}
\]

✅ Answer: **40 kHz**",40000.0,1.0,0.05815039999999996
"For a rectangular pulse of width T, what is the 60-dB bandwidth (in terms of 1/T)?","The 60-dB bandwidth of a rectangular pulse of width \( T \) refers to the frequency range over which the magnitude of the Fourier transform (spectrum) of the pulse drops by 60 dB from its peak value.

### Step-by-step:

1. **Fourier Transform of a Rectangular Pulse**:
   The Fourier transform of a rectangular pulse of width \( T \), centered at 0, is:
   \[
   X(f) = T \cdot \text{sinc}(\pi f T)
   \]
   where \( \text{sinc}(x) = \frac{\sin x}{x} \). Sometimes it's written as \( \text{sinc}(fT) \) depending on convention — here we use \( \text{sinc}(\pi f T) \), which is common in signal processing.

2. **Magnitude Response**:
   The magnitude is:
   \[
   |X(f)| = T \cdot \left| \frac{\sin(\pi f T)}{\pi f T} \right|
   \]

3. **60-dB Bandwidth Definition**:
   This is the frequency \( f_{60} \) such that:
   \[
   20 \log_{10}\left( \frac{|X(f_{60})|}{|X(0)|} \right) = -60 \, \text{dB}
   \]
   Since \( |X(0)| = T \), this becomes:
   \[
   20 \log_{10}\left( \left| \frac{\sin(\pi f_{60} T)}{\pi f_{60} T} \right| \right) = -60
   \]
   Divide both sides by 20:
   \[
   \log_{10}\left( \left| \frac{\sin(\pi f_{60} T)}{\pi f_{60} T} \right| \right) = -3
   \]
   So:
   \[
   \left| \frac{\sin(\pi f_{60} T)}{\pi f_{60} T} \right| = 10^{-3} = 0.001
   \]

4. **Solve for \( f_{60} \)**:
   Let \( x = \pi f_{60} T \), so:
   \[
   \left| \frac{\sin x}{x} \right| = 0.001
   \]
   We need to find the smallest positive \( x \) such that \( |\text{sinc}(x)| = 0.001 \).

   For small \( x \), \( \text{sinc}(x) \approx 1 \), and it decreases, crossing 0.001 at some point. The first zero of sinc(x) is at \( x = \pi \), but we're looking for where it reaches 0.001 — this happens just before the first null.

   Numerically solving:
   \[
   \frac{\sin x}{x} = 0.001 \Rightarrow \sin x = 0.001 x
   \]
   This equation must be solved numerically or approximated.

   A well-known approximation used in communication theory for the 60-dB bandwidth of a rectangular pulse is:
   \[
   f_{60} \approx \frac{1.5}{T}
   \]

   More precisely, using numerical methods or tables:
   - The first sidelobe of the sinc function reaches about -13 dB.
   - The 60-dB point is much deeper — typically the first zero-crossing is at \( f = 1/T \), and the main lobe has a 3-dB bandwidth of \( \approx 0.886 / T \).
   - For the 60-dB point, it's typically found around \( x \approx 3.83 \) radians (since \( \text{sinc}(x) = 0.001 \) at \( x \approx 3.83 \)).

   So:
   \[
   \pi f_{60} T = 3.83 \Rightarrow f_{60} = \frac{3.83}{\pi T} \approx \frac{1.22}{T}
   \]

   However, many engineering references approximate the 60-dB bandwidth of a rectangular pulse as:
   \[
   f_{60} \approx \frac{1.5}{T}
   \]

   ✅ Most commonly accepted answer in practice (especially in communications engineering):

**Answer**:  
\[
\boxed{\frac{1.5}{T}}
\]

This is the 60-dB bandwidth of a rectangular pulse of duration \( T \).",0.06,0.5,0.07295454999999999
"If the bit rate is 40 Mbps and the modulation is BPSK, what is the null-to-null bandwidth (in MHz)?","For BPSK (Binary Phase Shift Keying), the relationship between bit rate and bandwidth is straightforward.

In BPSK:
- Each symbol represents 1 bit.
- The symbol rate (baud rate) equals the bit rate.
- The null-to-null bandwidth of a BPSK signal is approximately **twice** the symbol rate (i.e., twice the bit rate), assuming ideal rectangular pulse shaping.

So, if the bit rate is 40 Mbps:

Null-to-null bandwidth = 2 × bit rate  
= 2 × 40 Mbps  
= 80 MHz

✅ Answer: **80 MHz**",80.0,0.5,0.06036329999999996
A source emits symbols from an alphabet of size 32768 with equal probability. What is the entropy per symbol (in bits)?,"To calculate the entropy per symbol for a source that emits symbols from an alphabet of size \( N = 32768 \) with equal probability, we use the formula for entropy of a discrete uniform distribution:

\[
H = \log_2(N)
\]

Here, \( N = 32768 \), so:

\[
H = \log_2(32768)
\]

We can compute this by recognizing that:

\[
32768 = 2^{15}
\]

Because:
\[
2^{10} = 1024 \\
2^{15} = 2^{10} \times 2^5 = 1024 \times 32 = 32768
\]

Therefore:

\[
\log_2(32768) = 15
\]

✅ So, the entropy per symbol is:

**15 bits**.",15.0,1.0,0.06103364999999996
"In a digital system, the noise power is 10^{-13} W and signal power is 10^{-10} W. What is SNR in dB?","To calculate the Signal-to-Noise Ratio (SNR) in decibels (dB), we use the formula:

\[
\text{SNR (dB)} = 10 \log_{10} \left( \frac{\text{Signal Power}}{\text{Noise Power}} \right)
\]

Given:
- Signal Power = \( 10^{-10} \, \text{W} \)
- Noise Power = \( 10^{-13} \, \text{W} \)

Substitute into the formula:

\[
\text{SNR (dB)} = 10 \log_{10} \left( \frac{10^{-10}}{10^{-13}} \right)
= 10 \log_{10} \left( 10^{3} \right)
= 10 \times 3
= 30 \, \text{dB}
\]

**Answer:**  
\[
\boxed{30} \text{ dB}
\]",30.0,1.0,0.06242354999999996
"For a matched filter, if the input signal energy is 5 μJ and noise PSD N0=5×10^{-12} W/Hz, what is the output SNR (linear)?","To calculate the output Signal-to-Noise Ratio (SNR) for a matched filter, we use the fundamental formula:

\[
\text{SNR}_{\text{out}} = \frac{2E}{N_0}
\]

Where:
- \( E \) is the energy of the input signal,
- \( N_0 \) is the noise power spectral density (PSD).

Given:
- Signal energy \( E = 5 \, \mu\text{J} = 5 \times 10^{-6} \, \text{J} \),
- Noise PSD \( N_0 = 5 \times 10^{-12} \, \text{W/Hz} \).

Plug into the formula:

\[
\text{SNR}_{\text{out}} = \frac{2 \times (5 \times 10^{-6})}{5 \times 10^{-12}} = \frac{10 \times 10^{-6}}{5 \times 10^{-12}} = 2 \times 10^{6}
\]

So, the output SNR (linear) is:

\[
\boxed{2 \times 10^6}
\]

That’s 2 million, or 63 dB in log scale.",2000000.0,0.0,0.06307399999999996
"If the sampling rate is 50 kHz, what is the maximum analog frequency (in kHz) that can be represented?","According to the Nyquist-Shannon sampling theorem, the maximum analog frequency that can be accurately represented without aliasing is **half** the sampling rate.

Given:
- Sampling rate = 50 kHz

Maximum analog frequency =  
\[
\frac{50\ \text{kHz}}{2} = 25\ \text{kHz}
\]

✅ Answer: **25 kHz**",25.0,0.5,0.06075849999999996
"A binary symmetric channel has crossover probability 0.5. If the input symbols are equally likely, what is the probability of receiving a 1?","We are given:

- A **binary symmetric channel (BSC)** with crossover probability \( p = 0.5 \).
- The input symbols (0 and 1) are **equally likely**, so:
  \[
  P(X = 0) = P(X = 1) = 0.5
  \]

We are asked: What is the probability of receiving a 1, i.e., \( P(Y = 1) \)?

---

### Step-by-step Analysis:

The BSC with crossover probability 0.5 means:
- If the input is 0, the output is 0 with probability 0.5 and 1 with probability 0.5.
- If the input is 1, the output is 1 with probability 0.5 and 0 with probability 0.5.

So, no matter what the input is, the output is completely random — it's equally likely to be 0 or 1 regardless of the input.

We can compute \( P(Y = 1) \) using the law of total probability:

\[
P(Y = 1) = P(Y = 1 | X = 0)P(X = 0) + P(Y = 1 | X = 1)P(X = 1)
\]

Plug in the values:
- \( P(Y = 1 | X = 0) = 0.5 \)
- \( P(X = 0) = 0.5 \)
- \( P(Y = 1 | X = 1) = 0.5 \)
- \( P(X = 1) = 0.5 \)

So:
\[
P(Y = 1) = (0.5)(0.5) + (0.5)(0.5) = 0.25 + 0.25 = 0.5
\]

---

### Final Answer:
\[
\boxed{0.5}
\]

This makes sense intuitively — when the channel flips every bit half the time, and the input is equally likely to be 0 or 1, the output is also equally likely to be 0 or 1.",0.5,0.3,0.06650569999999997
"For QPSK, if the symbol energy is 30 μJ, what is the energy per bit (in μJ)?","In QPSK (Quadrature Phase Shift Keying), each symbol represents 2 bits.

Given:
- Symbol energy \( E_s = 30 \, \mu\text{J} \)

Since each symbol carries 2 bits, the energy per bit \( E_b \) is:

\[
E_b = \frac{E_s}{2} = \frac{30 \, \mu\text{J}}{2} = 15 \, \mu\text{J}
\]

✅ Answer: **15 μJ**",15.0,1.0,0.06197464999999996
"In a (15,11) Hamming code, what is the number of parity bits?","In a (n, k) Hamming code:

- n = total number of bits in the codeword  
- k = number of data bits  
- r = number of parity bits  

The relationship is:  
**n = k + r**

For a Hamming code, the number of parity bits r must satisfy:  
**2^r ≥ n + 1**

Given:  
- n = 15  
- k = 11  

So:  
r = n − k = 15 − 11 = **4**

Let’s verify this satisfies the Hamming condition:  
2^r = 2⁴ = 16  
n + 1 = 15 + 1 = 16  
Since 16 ≥ 16, the condition is satisfied.

✅ Therefore, the number of parity bits is **4**.",4.0,1.0,0.06270354999999997
"For a uniform quantizer with 20 bits, what is the SQNR (in dB) for a full-scale sinusoid?","To calculate the Signal-to-Quantization Noise Ratio (SQNR) for a uniform quantizer with 20 bits, we use the well-known formula for a full-scale sinusoidal signal:

\[
\text{SQNR (dB)} = 6.02 \times b + 1.76
\]

where:
- \( b \) is the number of bits (here, 20),
- 6.02 dB/bit is the theoretical SQNR per bit for a full-scale sinusoid,
- 1.76 dB accounts for the signal power relative to the quantization noise power.

Now plug in the values:

\[
\text{SQNR} = 6.02 \times 20 + 1.76 = 120.4 + 1.76 = 122.16 \, \text{dB}
\]

✅ **Answer:**  
**122.16 dB**",122.16,1.0,0.0201376
A channel has bandwidth 10 MHz and SNR 20 dB. What is the Shannon capacity (in Mbps)?,"To calculate the **Shannon capacity**, we use the **Shannon-Hartley theorem**:

\[
C = B \log_2(1 + \text{SNR})
\]

Where:
- \( C \) = channel capacity in bits per second (bps)
- \( B \) = bandwidth in Hz
- SNR = signal-to-noise ratio (linear, not in dB)

---

### Given:
- Bandwidth \( B = 10 \, \text{MHz} = 10 \times 10^6 \, \text{Hz} \)
- SNR = 20 dB

First, convert SNR from dB to linear scale:

\[
\text{SNR}_{\text{linear}} = 10^{\frac{\text{SNR}_{\text{dB}}}{10}} = 10^{\frac{20}{10}} = 10^2 = 100
\]

Now plug into the formula:

\[
C = 10 \times 10^6 \times \log_2(1 + 100) = 10^7 \times \log_2(101)
\]

Calculate \( \log_2(101) \):

\[
\log_2(101) = \frac{\log_{10}(101)}{\log_{10}(2)} \approx \frac{2.0043}{0.3010} \approx 6.659
\]

Now compute capacity:

\[
C \approx 10^7 \times 6.659 = 66,590,000 \, \text{bps} = 66.59 \, \text{Mbps}
\]

---

### ✅ Final Answer:
**66.59 Mbps**",66.6,0.5,0.0240809
"For BPSK, if the bit duration is 0.01 μs, what is the null-to-null bandwidth (in MHz)?","For BPSK (Binary Phase Shift Keying), the null-to-null bandwidth is determined by the bit rate and the modulation scheme.

Given:
- Bit duration \( T_b = 0.01 \, \mu\text{s} = 10^{-8} \, \text{s} \)

The bit rate \( R_b \) is:
\[
R_b = \frac{1}{T_b} = \frac{1}{10^{-8}} = 100 \times 10^6 \, \text{bits per second} = 100 \, \text{Mbps}
\]

For a basic BPSK signal without any pulse shaping (e.g., rectangular pulses), the null-to-null bandwidth is approximately:
\[
B_{\text{null-to-null}} = 2 \times R_b
\]
This is because the main lobe of the sinc-shaped spectrum extends from \(-R_b\) to \(+R_b\), so the total width is \(2R_b\).

So:
\[
B_{\text{null-to-null}} = 2 \times 100 \, \text{MHz} = 200 \, \text{MHz}
\]

✅ Final Answer: **200 MHz**",200.0,0.5,0.02283575
"In a binary system, if the bit error probability is 0.0001, what is the probability that a 20-bit word has exactly one error?","We are given:

- Bit error probability: \( p = 0.0001 \)
- Word length: \( n = 20 \) bits
- We want the probability of **exactly one error** in the 20-bit word.

This is a binomial probability problem. The probability of exactly \( k \) errors in \( n \) bits, where each bit has an independent probability \( p \) of being in error, is given by the binomial formula:

\[
P(k) = \binom{n}{k} p^k (1 - p)^{n - k}
\]

For exactly one error (\( k = 1 \)):

\[
P(1) = \binom{20}{1} (0.0001)^1 (1 - 0.0001)^{19}
\]

Step-by-step:

1. \( \binom{20}{1} = 20 \)
2. \( p = 0.0001 \)
3. \( 1 - p = 0.9999 \)
4. \( (0.9999)^{19} \approx ? \)

We can approximate \( (0.9999)^{19} \) using the exponential approximation for small \( x \):

\[
(1 - x)^n \approx e^{-nx} \quad \text{for small } x
\]

Here, \( x = 0.0001 \), \( n = 19 \):

\[
(0.9999)^{19} \approx e^{-19 \times 0.0001} = e^{-0.0019}
\]

Now, \( e^{-0.0019} \approx 1 - 0.0019 + \frac{(0.0019)^2}{2} \approx 0.9981 \) (using Taylor series or calculator).

More precisely, using a calculator:

\[
e^{-0.0019} \approx 0.9981005
\]

Now compute:

\[
P(1) = 20 \times 0.0001 \times 0.9981005 = 20 \times 0.0001 \times 0.9981005
= 0.002 \times 0.9981005
= 0.0019962
\]

So, the probability that a 20-bit word has exactly one error is approximately:

\[
\boxed{0.001996}
\]

Or, rounded to 4 significant figures:  
\[
\boxed{0.00200}
\]",0.002,1.0,0.02722295
A PCM system samples at 32 kHz and uses 16 bits per sample. What is the data rate (in Mbps)?,"To calculate the data rate of a PCM (Pulse Code Modulation) system:

**Given:**
- Sampling rate = 32 kHz = 32,000 samples per second  
- Bits per sample = 16 bits

**Data rate (in bits per second):**
\[
\text{Data rate} = \text{Sampling rate} \times \text{Bits per sample}
\]
\[
= 32,000 \, \text{samples/sec} \times 16 \, \text{bits/sample}
\]
\[
= 512,000 \, \text{bits per second (bps)}
\]

Convert to Mbps (megabits per second):
\[
512,000 \, \text{bps} = 0.512 \, \text{Mbps}
\]

✅ **Answer: 0.512 Mbps**",0.512,0.5,0.02320815
"For a raised-cosine filter with α=0.3, what is the absolute bandwidth if the symbol rate is 15 MBaud?","To calculate the absolute bandwidth of a raised-cosine filter, we use the formula:

\[
B = \frac{R_s}{2} (1 + \alpha)
\]

Where:
- \( B \) = absolute bandwidth (in Hz)
- \( R_s \) = symbol rate (in symbols per second, or Baud)
- \( \alpha \) = roll-off factor (0 ≤ α ≤ 1)

Given:
- \( R_s = 15 \) MBaud = \( 15 \times 10^6 \) Baud
- \( \alpha = 0.3 \)

Substitute into the formula:

\[
B = \frac{15 \times 10^6}{2} (1 + 0.3) = 7.5 \times 10^6 \times 1.3
\]

\[
B = 9.75 \times 10^6 \, \text{Hz} = 9.75 \, \text{MHz}
\]

✅ **Answer:** The absolute bandwidth is **9.75 MHz**.",9750000.0,1.0,0.02438525
"If the modulation index of FM is 10 and the modulating frequency is 3 kHz, what is the frequency deviation (in kHz)?","In Frequency Modulation (FM), the modulation index \( \beta \) is defined as:

\[
\beta = \frac{\Delta f}{f_m}
\]

Where:
- \( \Delta f \) = frequency deviation (in kHz or Hz)
- \( f_m \) = modulating frequency (in kHz or Hz)
- \( \beta \) = modulation index (dimensionless)

Given:
- \( \beta = 10 \)
- \( f_m = 3 \, \text{kHz} \)

We can solve for \( \Delta f \):

\[
\Delta f = \beta \times f_m = 10 \times 3 \, \text{kHz} = 30 \, \text{kHz}
\]

✅ **Answer: 30 kHz**",30.0,0.5,0.0233114
"In a digital communication system, the symbol rate is 5 MBaud and the bandwidth is 4 MHz. What is the spectral efficiency (in bps/Hz)?","To calculate the **spectral efficiency** in bits per second per hertz (bps/Hz), we use the formula:

\[
\text{Spectral Efficiency} = \frac{\text{Data Rate (bps)}}{\text{Bandwidth (Hz)}}
\]

However, in this problem, we are given:

- **Symbol rate** = 5 MBaud = 5 × 10⁶ symbols/second  
- **Bandwidth** = 4 MHz = 4 × 10⁶ Hz

But we need the **data rate in bps**, not just the symbol rate. To compute that, we must know how many bits are carried per symbol — which depends on the modulation scheme.

Since the modulation scheme is not specified, we assume the **minimum case**: one bit per symbol (e.g., binary modulation like BPSK). This gives us the **maximum possible spectral efficiency for a given symbol rate and bandwidth under ideal conditions** — or more precisely, it gives us the **raw spectral efficiency without considering any overhead or modulation complexity**.

So:
- If each symbol carries 1 bit → Data rate = 5 Mbps
- Bandwidth = 4 MHz

Now plug into the formula:

\[
\text{Spectral Efficiency} = \frac{5 \times 10^6 \text{ bps}}{4 \times 10^6 \text{ Hz}} = \frac{5}{4} = 1.25 \text{ bps/Hz}
\]

✅ **Answer: 1.25 bps/Hz**

> Note: If the modulation used more bits per symbol (e.g., QPSK = 2 bits/symbol, 16-QAM = 4 bits/symbol), the spectral efficiency would be higher. But without specification, using 1 bit/symbol is the standard assumption for calculating ""basic"" spectral efficiency from symbol rate.",1.25,0.0,0.027465049999999998
"For a Gaussian distribution with mean 0 and variance 0.25, what is the probability that the value is less than -0.5?","We are given a Gaussian (normal) distribution with:

- Mean \( \mu = 0 \)
- Variance \( \sigma^2 = 0.25 \), so standard deviation \( \sigma = \sqrt{0.25} = 0.5 \)

We want to find:

\[
P(X < -0.5)
\]

### Step 1: Standardize the variable
Convert \( X = -0.5 \) to a z-score:

\[
z = \frac{x - \mu}{\sigma} = \frac{-0.5 - 0}{0.5} = \frac{-0.5}{0.5} = -1
\]

So, we now need:

\[
P(X < -0.5) = P(Z < -1)
\]

where \( Z \) is a standard normal variable.

### Step 2: Use standard normal table or calculator
From the standard normal distribution:

\[
P(Z < -1) = \Phi(-1) \approx 0.1587
\]

(Alternatively, since the normal distribution is symmetric, \( \Phi(-1) = 1 - \Phi(1) = 1 - 0.8413 = 0.1587 \))

### ✅ Final Answer:
\[
\boxed{0.1587}
\]",0.1587,1.0,0.02926145
"A binary source emits symbols with probabilities P(0)=0.98, P(1)=0.02. What is the entropy (in bits per symbol)?","To calculate the entropy \( H \) of a binary source, we use the formula:

\[
H = -\sum_{i} p_i \log_2 p_i
\]

For a binary source with probabilities:
- \( p_0 = 0.98 \)
- \( p_1 = 0.02 \)

The entropy is:

\[
H = -[p_0 \log_2 p_0 + p_1 \log_2 p_1]
\]

Substitute the values:

\[
H = -[0.98 \log_2(0.98) + 0.02 \log_2(0.02)]
\]

Now compute each term:

1. \( \log_2(0.98) = \frac{\ln(0.98)}{\ln(2)} \approx \frac{-0.0202027}{0.693147} \approx -0.02915 \)

   So:  
   \( 0.98 \log_2(0.98) \approx 0.98 \times (-0.02915) \approx -0.02857 \)

2. \( \log_2(0.02) = \frac{\ln(0.02)}{\ln(2)} \approx \frac{-3.912023}{0.693147} \approx -5.643856 \)

   So:  
   \( 0.02 \log_2(0.02) \approx 0.02 \times (-5.643856) \approx -0.112877 \)

Now plug into the entropy formula:

\[
H = -[(-0.02857) + (-0.112877)] = -[-0.141447] = 0.141447 \text{ bits per symbol}
\]

✅ Final Answer:
**Approximately 0.141 bits per symbol**",0.141,1.0,0.02787775
"In QPSK, if the bit energy is 0.1 μJ, what is the symbol energy (in μJ)?","In QPSK (Quadrature Phase Shift Keying), each symbol represents **2 bits**.

Given:
- Bit energy \( E_b = 0.1 \, \mu\text{J} \)

Since each symbol carries 2 bits, the symbol energy \( E_s \) is:

\[
E_s = 2 \times E_b = 2 \times 0.1 \, \mu\text{J} = 0.2 \, \mu\text{J}
\]

✅ Answer: **0.2 μJ**",0.2,1.0,0.02452545
"For a (63,57) Hamming code, what is the code rate?","The code rate \( R \) of a block code is given by:

\[
R = \frac{k}{n}
\]

where:
- \( n \) is the total length of the codeword,
- \( k \) is the number of information bits.

For a (63, 57) Hamming code:
- \( n = 63 \)
- \( k = 57 \)

So the code rate is:

\[
R = \frac{57}{63} = \frac{19}{21} \approx 0.9048
\]

✅ Final Answer:  
**The code rate is \( \frac{19}{21} \) or approximately 0.9048.**",0.905,1.0,0.026563550000000002
"If the SNR at the input of a quantizer is 28 dB and the SQNR is 38 dB, what is the processing gain (in dB)?","The **processing gain (PG)** of a quantizer is defined as the difference between the **Signal-to-Quantization Noise Ratio (SQNR)** and the **Signal-to-Noise Ratio (SNR)** at the input:

\[
\text{PG (dB)} = \text{SQNR (dB)} - \text{SNR (dB)}
\]

Given:
- Input SNR = 28 dB
- SQNR = 38 dB

So,

\[
\text{PG} = 38\ \text{dB} - 28\ \text{dB} = 10\ \text{dB}
\]

✅ **Answer: 10 dB**",10.0,1.0,0.02470735
"For a sinusoidal modulating signal, what is the modulation index if the carrier amplitude is 30 V and the sideband amplitude is 12 V?","To find the **modulation index** (often denoted as \( m \)) for a sinusoidal modulating signal in amplitude modulation (AM), we use the relationship between the carrier amplitude and the sideband amplitudes.

For standard AM:

- The amplitude of each sideband is:
  \[
  A_{\text{sideband}} = \frac{m \cdot A_c}{2}
  \]
  where:
  - \( A_c \) = carrier amplitude
  - \( m \) = modulation index (a dimensionless number, typically between 0 and 1)

Given:
- Carrier amplitude \( A_c = 30 \, \text{V} \)
- Sideband amplitude \( A_{\text{sideband}} = 12 \, \text{V} \)

Plug into the formula:
\[
12 = \frac{m \cdot 30}{2}
\]

Multiply both sides by 2:
\[
24 = 30m
\]

Solve for \( m \):
\[
m = \frac{24}{30} = 0.8
\]

✅ **Answer:** The modulation index is **0.8** or **80%**.",0.8,0.0,0.026299200000000002
"In a binary symmetric channel, if the crossover probability is 0.32, what is the channel capacity (in bits per use)?","The capacity of a binary symmetric channel (BSC) with crossover probability \( p \) is given by:

\[
C = 1 - H(p)
\]

where \( H(p) \) is the binary entropy function:

\[
H(p) = -p \log_2 p - (1 - p) \log_2 (1 - p)
\]

Given:  
\( p = 0.32 \)

### Step 1: Compute \( H(0.32) \)

\[
H(0.32) = -0.32 \log_2(0.32) - 0.68 \log_2(0.68)
\]

We calculate each term:

- \( \log_2(0.32) = \frac{\ln(0.32)}{\ln(2)} \approx \frac{-1.1394}{0.6931} \approx -1.6437 \)
- So, \( -0.32 \times (-1.6437) \approx 0.5260 \)

- \( \log_2(0.68) = \frac{\ln(0.68)}{\ln(2)} \approx \frac{-0.3857}{0.6931} \approx -0.5565 \)
- So, \( -0.68 \times (-0.5565) \approx 0.3784 \)

Add them:
\[
H(0.32) \approx 0.5260 + 0.3784 = 0.9044
\]

### Step 2: Compute capacity

\[
C = 1 - H(0.32) \approx 1 - 0.9044 = 0.0956 \text{ bits per use}
\]

### ✅ Final Answer:
**0.0956 bits per use**",0.119,0.0,0.029614650000000003
A signal has bandwidth 40 kHz and is sampled at 100 kHz. What is the Nyquist rate (in kHz)?,"The **Nyquist rate** is defined as **twice the highest frequency component** of a signal.

Given:
- The signal has a **bandwidth of 40 kHz**.
- It is sampled at **100 kHz** (this is the sampling rate, not directly needed for the Nyquist rate calculation).

Assuming the signal is baseband (i.e., it extends from 0 to 40 kHz), the **highest frequency** is 40 kHz.

So, the Nyquist rate is:

\[
\text{Nyquist rate} = 2 \times \text{maximum frequency} = 2 \times 40\,\text{kHz} = 80\,\text{kHz}
\]

✅ **Answer: 80 kHz**",80.0,0.5,0.0268488
"For BPSK, if the required Eb/N0 for BER=10^-12 is 16 dB, what is the linear γ?","To find the linear γ (gamma) for BPSK given that the required E_b/N₀ for BER = 10⁻¹² is 16 dB, we follow these steps:

### Step 1: Convert E_b/N₀ from dB to linear
The relationship between decibel and linear scale is:

\[
E_b/N_0 \text{ (linear)} = 10^{(E_b/N_0 \text{ (dB)}) / 10}
\]

Given:
\[
E_b/N_0 = 16 \, \text{dB}
\]

So:
\[
\gamma = 10^{16/10} = 10^{1.6} \approx 39.81
\]

### ✅ Final Answer:
**γ ≈ 39.81**

This is the linear value of the energy-per-bit-to-noise-power-spectral-density ratio (E_b/N₀), commonly denoted as γ in many communications contexts.",39.81,1.0,0.0275942
"In a PCM system, if the signal is quantized into 4096 levels, how many bits per sample are needed?","In a PCM (Pulse Code Modulation) system, the number of bits per sample is determined by the number of quantization levels.

The relationship is:

\[
\text{Number of levels} = 2^n
\]

where \( n \) is the number of bits per sample.

Given:
\[
2^n = 4096
\]

We solve for \( n \):

\[
n = \log_2(4096)
\]

Since \( 4096 = 2^{12} \), we have:

\[
n = 12
\]

✅ Therefore, **12 bits per sample** are needed.",12.0,1.0,0.0266499
"For a rectangular pulse of duration T, what is the energy spectral density at f=2/T?","To find the energy spectral density (ESD) of a rectangular pulse at frequency \( f = \frac{2}{T} \), we follow these steps:

---

### 1. **Rectangular Pulse Definition**
A rectangular pulse of duration \( T \) can be written as:
\[
x(t) = 
\begin{cases}
1, & |t| \leq \frac{T}{2} \\
0, & \text{otherwise}
\end{cases}
\]

This is a pulse centered at \( t = 0 \), with amplitude 1 and width \( T \).

---

### 2. **Fourier Transform (Spectrum)**
The Fourier transform of \( x(t) \) is:
\[
X(f) = T \cdot \text{sinc}(fT)
\]
where \( \text{sinc}(fT) = \frac{\sin(\pi f T)}{\pi f T} \).  
(We use the normalized sinc function: \( \text{sinc}(x) = \frac{\sin(\pi x)}{\pi x} \))

---

### 3. **Energy Spectral Density (ESD)**
The ESD is defined as:
\[
S_{xx}(f) = |X(f)|^2
\]

So,
\[
S_{xx}(f) = \left| T \cdot \text{sinc}(fT) \right|^2 = T^2 \cdot \text{sinc}^2(fT)
\]

---

### 4. **Evaluate at \( f = \frac{2}{T} \)**

Plug in \( f = \frac{2}{T} \):
\[
S_{xx}\left(\frac{2}{T}\right) = T^2 \cdot \text{sinc}^2\left( \frac{2}{T} \cdot T \right) = T^2 \cdot \text{sinc}^2(2)
\]

Now compute \( \text{sinc}(2) \):
\[
\text{sinc}(2) = \frac{\sin(2\pi)}{2\pi} = \frac{0}{2\pi} = 0
\]

So,
\[
\text{sinc}^2(2) = 0
\]

Thus:
\[
S_{xx}\left(\frac{2}{T}\right) = T^2 \cdot 0 = 0
\]

---

### ✅ Final Answer:
**0**

The energy spectral density at \( f = \frac{2}{T} \) is zero.  
(This corresponds to a null in the sinc function — a well-known property of rectangular pulses.)",0.0,0.0,0.03352474999999999
"In a digital system, if the bit rate is 200 Mbps and the modulation is 1024-QAM, what is the symbol rate (in MBaud)?","To calculate the symbol rate (in MBaud) given the bit rate and modulation scheme:

### Given:
- Bit rate = 200 Mbps
- Modulation = 1024-QAM

### Step 1: Understand 1024-QAM
In 1024-QAM (Quadrature Amplitude Modulation), each symbol represents **log₂(1024)** bits.

\[
\log_2(1024) = 10 \text{ bits per symbol}
\]

### Step 2: Calculate Symbol Rate
The symbol rate (in symbols per second, or Baud) is:

\[
\text{Symbol Rate} = \frac{\text{Bit Rate}}{\text{Bits per Symbol}} = \frac{200 \text{ Mbps}}{10 \text{ bits/symbol}} = 20 \text{ MBaud}
\]

### ✅ Final Answer:
**20 MBaud**",20.0,0.5,0.02824105
A source emits symbols from an alphabet of size 65536 with equal probability. What is the entropy per symbol (in bits)?,"To calculate the entropy per symbol for a source that emits symbols from an alphabet of size \( N = 65536 \), with each symbol equally probable, we use the formula for entropy of a discrete uniform distribution:

\[
H = \log_2(N)
\]

Here, \( N = 65536 \). So:

\[
H = \log_2(65536)
\]

We can simplify this by recognizing that:

\[
65536 = 2^{16}
\]

Therefore:

\[
H = \log_2(2^{16}) = 16
\]

✅ Final Answer: **16 bits per symbol**.",16.0,1.0,0.0281146
"For a matched filter, if the input SNR is -12 dB and the processing gain is 30 dB, what is the output SNR (in dB)?","To calculate the output SNR of a matched filter, we use the relationship:

\[
\text{Output SNR (dB)} = \text{Input SNR (dB)} + \text{Processing Gain (dB)}
\]

Given:
- Input SNR = −12 dB  
- Processing Gain = 30 dB  

So,

\[
\text{Output SNR} = -12\ \text{dB} + 30\ \text{dB} = 18\ \text{dB}
\]

✅ **Answer:** **18 dB**",18.0,1.0,0.02802335
"In an AM system, if the modulation index is 0.5 and the carrier power is 150 W, what is the sideband power (in W)?","In an AM (Amplitude Modulation) system, the total power is the sum of the carrier power and the sideband power.

The formula for the total power in an AM signal is:

\[
P_{\text{total}} = P_c \left(1 + \frac{m^2}{2}\right)
\]

Where:
- \( P_c \) = Carrier power
- \( m \) = Modulation index

The **sideband power** is the portion of the total power that is not in the carrier. It is given by:

\[
P_{\text{sideband}} = P_c \cdot \frac{m^2}{2}
\]

Given:
- \( P_c = 150 \, \text{W} \)
- \( m = 0.5 \)

Now calculate:

\[
P_{\text{sideband}} = 150 \times \frac{(0.5)^2}{2} = 150 \times \frac{0.25}{2} = 150 \times 0.125 = 18.75 \, \text{W}
\]

✅ Final Answer: **18.75 W**",18.75,1.0,0.032794399999999994
"For a binary symmetric channel with ε=0.4, what is the probability of receiving a 1 if a 0 was sent?","In a binary symmetric channel (BSC), the probability of error is denoted by ε. This means:

- If a 0 is sent, there is a probability ε that a 1 is received.
- If a 1 is sent, there is a probability ε that a 0 is received.

Given:
- ε = 0.4

The question asks:  
**What is the probability of receiving a 1 if a 0 was sent?**

This is exactly the definition of the error probability in a BSC — the probability that the received bit differs from the transmitted bit.

So, if a 0 was sent, the probability of receiving a 1 is simply ε.

✅ **Answer: 0.4**",0.4,1.0,0.028406
A channel has bandwidth 1200 kHz and SNR 18 dB. What is the Shannon capacity (in kbps)?,"To calculate the **Shannon capacity** of a channel, we use the Shannon-Hartley theorem:

\[
C = B \log_2(1 + \text{SNR})
\]

Where:
- \( C \) = channel capacity in bits per second (bps)
- \( B \) = bandwidth in Hz
- SNR = signal-to-noise ratio (linear, not in dB)

---

### Given:
- Bandwidth \( B = 1200 \, \text{kHz} = 1.2 \times 10^6 \, \text{Hz} \)
- SNR = 18 dB

First, convert SNR from dB to linear scale:

\[
\text{SNR}_{\text{linear}} = 10^{\frac{\text{SNR}_{\text{dB}}}{10}} = 10^{\frac{18}{10}} = 10^{1.8}
\]

Now calculate \( 10^{1.8} \):

\[
10^{1.8} \approx 63.0957
\]

Now plug into the formula:

\[
C = 1.2 \times 10^6 \times \log_2(63.0957)
\]

Convert \( \log_2(63.0957) \) using change of base:

\[
\log_2(63.0957) = \frac{\log_{10}(63.0957)}{\log_{10}(2)} \approx \frac{1.8000}{0.3010} \approx 5.98
\]

(You can also compute directly: \( \log_2(63.0957) \approx \log_2(64) = 6 \), since 63.0957 ≈ 64)

So:

\[
C \approx 1.2 \times 10^6 \times 5.98 = 7.176 \times 10^6 \, \text{bps}
\]

Convert to kbps:

\[
C \approx 7176 \, \text{kbps}
\]

---

### ✅ Final Answer:
**7176 kbps**",7200.0,0.5,0.03419134999999999
"For a uniform quantizer with L=2048 levels and full-scale range 20 V, what is the step size Δ (in mV)?","To find the step size Δ of a uniform quantizer, we use the formula:

\[
\Delta = \frac{\text{Full-scale range}}{L}
\]

Given:
- Full-scale range = 20 V
- Number of levels, \( L = 2048 \)

So,

\[
\Delta = \frac{20\ \text{V}}{2048} = \frac{20}{2048}\ \text{V}
\]

Now calculate:

\[
\Delta = \frac{20}{2048} = 0.009765625\ \text{V}
\]

Convert to millivolts (mV):

\[
0.009765625\ \text{V} \times 1000 = 9.765625\ \text{mV}
\]

✅ Final Answer:
\[
\Delta = 9.766\ \text{mV} \quad \text{(rounded to 3 decimal places)}
\]",9.77,0.0,0.030216650000000005
"In a QPSK system, if the symbol duration is 100 μs, what is the bit duration (in μs)?","In a QPSK (Quadrature Phase Shift Keying) system:

- Each symbol represents **2 bits**.
- The symbol duration is the time it takes to transmit one symbol.

Given:
- Symbol duration = 100 μs

Since each symbol carries 2 bits, the bit duration is:

\[
\text{Bit duration} = \frac{\text{Symbol duration}}{2} = \frac{100\ \mu s}{2} = 50\ \mu s
\]

✅ Answer: **50 μs**",50.0,0.5,0.0290831
"A (n,k) code has n=511 and k=502. What is the number of parity bits?","In a (n, k) linear code:

- **n** is the total number of bits in each codeword (codeword length),
- **k** is the number of data bits (message length),
- The number of **parity bits** is given by:  
  \[
  n - k
  \]

Given:
- \( n = 511 \)
- \( k = 502 \)

So, the number of parity bits is:
\[
511 - 502 = 9
\]

✅ **Answer:** **9 parity bits**",9.0,1.0,0.029691400000000003
"For a sinusoidal modulating signal, what is the modulation index if the peak amplitude of the modulating signal is 10 V and the carrier amplitude is 50 V?","The modulation index (m) for a sinusoidal modulating signal is given by the formula:

\[
m = \frac{A_m}{A_c}
\]

where:
- \( A_m \) is the peak amplitude of the modulating signal,
- \( A_c \) is the peak amplitude of the carrier signal.

Given:
- \( A_m = 10 \, \text{V} \)
- \( A_c = 50 \, \text{V} \)

Substitute into the formula:

\[
m = \frac{10}{50} = 0.2
\]

So, the modulation index is **0.2** or **20%**.",0.2,0.0,0.030630850000000005
"In a digital system, the symbol error rate is 2×10^-8. If the modulation is 256-QAM with Gray coding, what is approximate bit error rate?","To estimate the bit error rate (BER) from the symbol error rate (SER) for a 256-QAM system with Gray coding, we use the approximation:

\[
\text{BER} \approx \frac{\text{SER}}{\log_2(M)}
\]

Where:
- \( M = 256 \) → \( \log_2(256) = 8 \)
- SER = \( 2 \times 10^{-8} \)

So,

\[
\text{BER} \approx \frac{2 \times 10^{-8}}{8} = 0.25 \times 10^{-8} = 2.5 \times 10^{-9}
\]

✅ Therefore, the approximate bit error rate is:

**\( 2.5 \times 10^{-9} \)**",2.5e-09,0.0,0.030743600000000003
"For a raised-cosine filter with α=0.6 and symbol rate 25 MBaud, what is the absolute bandwidth (in MHz)?","To calculate the absolute bandwidth of a raised-cosine filter, we use the formula:

\[
B = \frac{R_s}{2} (1 + \alpha)
\]

Where:
- \( B \) = absolute bandwidth (in Hz),
- \( R_s \) = symbol rate (in symbols per second),
- \( \alpha \) = roll-off factor.

Given:
- \( R_s = 25 \, \text{MBaud} = 25 \times 10^6 \, \text{symbols/s} \),
- \( \alpha = 0.6 \).

Plug in the values:

\[
B = \frac{25 \times 10^6}{2} (1 + 0.6) = 12.5 \times 10^6 \times 1.6
\]

\[
B = 20 \times 10^6 \, \text{Hz} = 20 \, \text{MHz}
\]

✅ Final Answer: **20 MHz**",20.0,0.5,0.0314811
"A source emits symbols with probabilities 0.3, 0.3, 0.2, 0.2. What is the entropy (in bits per symbol)?","To calculate the entropy of a source, we use the formula:

\[
H = -\sum_{i=1}^{n} p_i \log_2 p_i
\]

where \( p_i \) are the probabilities of each symbol.

Given probabilities:  
\( p_1 = 0.3 \),  
\( p_2 = 0.3 \),  
\( p_3 = 0.2 \),  
\( p_4 = 0.2 \)

Now compute each term:

- For \( p = 0.3 \):  
  \( -0.3 \log_2 0.3 \)  
  \( \log_2 0.3 = \frac{\ln 0.3}{\ln 2} \approx \frac{-1.20397}{0.6931} \approx -1.73696 \)  
  So: \( -0.3 \times (-1.73696) = 0.521088 \)

- For the second \( 0.3 \): same as above → \( 0.521088 \)

- For \( p = 0.2 \):  
  \( \log_2 0.2 = \frac{\ln 0.2}{\ln 2} \approx \frac{-1.60944}{0.6931} \approx -2.32193 \)  
  So: \( -0.2 \times (-2.32193) = 0.464386 \)

- For the second \( 0.2 \): same as above → \( 0.464386 \)

Now sum all terms:

\[
H = 0.521088 + 0.521088 + 0.464386 + 0.464386 = 1.970948 \text{ bits per symbol}
\]

Rounded to a reasonable precision:

**Entropy ≈ 1.97 bits per symbol**

✅ Final Answer: **1.97 bits per symbol**",1.971,1.0,0.06852199999999999
"In a PCM system, if the sampling frequency is 8 kHz and each sample is represented by 8 bits, what is the bit rate (in kbps)?","In a Pulse Code Modulation (PCM) system:

- **Sampling frequency** = 8 kHz → This means 8,000 samples per second.
- **Bits per sample** = 8 bits.

The **bit rate** is calculated as:

\[
\text{Bit rate} = \text{Sampling frequency} \times \text{Bits per sample}
\]

\[
= 8000 \, \text{samples/sec} \times 8 \, \text{bits/sample}
\]

\[
= 64,000 \, \text{bits/sec}
\]

Convert to kbps (kilobits per second):

\[
64,000 \, \text{bps} = 64 \, \text{kbps}
\]

✅ **Answer: 64 kbps**",64.0,0.5,0.06488454999999997
"For a binary symmetric channel, if the error probability is 0.35, what is the channel capacity (in bits per use)?","For a binary symmetric channel (BSC) with error probability \( p \), the channel capacity \( C \) in bits per use is given by:

\[
C = 1 - H(p)
\]

where \( H(p) \) is the binary entropy function:

\[
H(p) = -p \log_2 p - (1 - p) \log_2 (1 - p)
\]

Given:  
\( p = 0.35 \)

First, compute \( H(0.35) \):

\[
H(0.35) = -0.35 \log_2 0.35 - 0.65 \log_2 0.65
\]

We’ll calculate each term:

- \( \log_2 0.35 = \frac{\ln 0.35}{\ln 2} \approx \frac{-1.0498}{0.6931} \approx -1.515 \)
- So, \( -0.35 \log_2 0.35 \approx -0.35 \times (-1.515) = 0.530 \)

- \( \log_2 0.65 = \frac{\ln 0.65}{\ln 2} \approx \frac{-0.4308}{0.6931} \approx -0.621 \)
- So, \( -0.65 \log_2 0.65 \approx -0.65 \times (-0.621) = 0.404 \)

Add them:

\[
H(0.35) \approx 0.530 + 0.404 = 0.934 \text{ bits}
\]

Now compute the capacity:

\[
C = 1 - H(0.35) \approx 1 - 0.934 = 0.066 \text{ bits per use}
\]

✅ Final Answer:
**0.066 bits per use**",0.119,0.0,0.06779669999999997
What is the bandwidth of a DSB-SC signal if the modulating signal has bandwidth 25 kHz?,"The bandwidth of a Double-Sideband Suppressed Carrier (DSB-SC) signal is **twice the bandwidth of the modulating signal**.

Given:
- Modulating signal bandwidth = 25 kHz

Therefore:
- DSB-SC signal bandwidth = 2 × 25 kHz = **50 kHz**

✅ Answer: **50 kHz**",50000.0,1.0,0.06588314999999997
"For a rectangular pulse of width T, what is the 70-dB bandwidth (in terms of 1/T)?","The 70-dB bandwidth of a rectangular pulse of width \( T \) refers to the frequency range where the magnitude of the Fourier transform of the pulse drops to 70 dB below its peak value.

### Step-by-step:

1. **Fourier Transform of Rectangular Pulse**:
   The Fourier transform of a rectangular pulse of width \( T \) (from \( -T/2 \) to \( T/2 \)) is:
   \[
   \text{rect}(t/T) \xrightarrow{\mathcal{F}} T \cdot \text{sinc}\left(\frac{\pi f T}{1}\right)
   \]
   or more commonly written as:
   \[
   X(f) = T \cdot \text{sinc}(\pi f T) = T \cdot \frac{\sin(\pi f T)}{\pi f T}
   \]

2. **Magnitude in dB**:
   The magnitude squared (power) in dB is:
   \[
   |X(f)|_{\text{dB}} = 20 \log_{10} \left( \left| T \cdot \frac{\sin(\pi f T)}{\pi f T} \right| \right)
   \]
   Since \( T \) is constant, we focus on the sinc function behavior:
   \[
   |X(f)|_{\text{dB}} = 20 \log_{10} \left| \text{sinc}(\pi f T) \right| + 20 \log_{10}(T)
   \]
   The peak value at \( f = 0 \) is \( |X(0)| = T \), so:
   \[
   |X(f)|_{\text{dB}} = 20 \log_{10} \left| \text{sinc}(\pi f T) \right| + 20 \log_{10}(T)
   \]
   At \( f = 0 \), \( \text{sinc}(0) = 1 \), so the reference level is \( 20 \log_{10}(T) \).

3. **70 dB Down Point**:
   We want the frequency \( f \) where the magnitude drops by 70 dB from the peak:
   \[
   20 \log_{10} \left| \text{sinc}(\pi f T) \right| = -70
   \]
   Divide both sides by 20:
   \[
   \log_{10} \left| \text{sinc}(\pi f T) \right| = -3.5
   \]
   Take antilog:
   \[
   \left| \text{sinc}(\pi f T) \right| = 10^{-3.5} = 3.162 \times 10^{-4}
   \]

4. **Solve for \( f \)**:
   Let \( x = \pi f T \). Then:
   \[
   \left| \frac{\sin x}{x} \right| = 3.162 \times 10^{-4}
   \]
   This equation must be solved numerically. For small values of \( x \), \( \text{sinc}(x) \approx 1 - \frac{x^2}{6} \), but this doesn’t help here because we’re far from zero — we need where \( \text{sinc}(x) \) is very small.

   The first zero of the sinc function occurs at \( x = \pi \), and it oscillates with decreasing amplitude. The point where \( |\text{sinc}(x)| = 3.162 \times 10^{-4} \) corresponds to a value just after the first lobe.

   Using known approximations or numerical solving:
   - The first zero is at \( x = \pi \)
   - The first null-to-null bandwidth is \( 2/T \)
   - But we’re looking for when the envelope is 70 dB down — that’s much farther out than the first lobe.

   It is known from signal processing that the **70 dB bandwidth** of a rectangular pulse occurs approximately at:
   \[
   f \approx \frac{1.8}{T}
   \]
   Why? Because the 70 dB down point of the sinc function (in terms of the argument \( x = \pi f T \)) occurs near \( x \approx 5.65 \), so:
   \[
   \pi f T \approx 5.65 \Rightarrow f \approx \frac{5.65}{\pi T} \approx \frac{1.8}{T}
   \]

### ✅ Final Answer:
\[
\boxed{\frac{1.8}{T}}
\]

This is the 70-dB bandwidth of a rectangular pulse of width \( T \), in Hz.",0.045,0.0,0.07663429999999999
"If the bit rate is 60 Mbps and the modulation is BPSK, what is the null-to-null bandwidth (in MHz)?","For Binary Phase Shift Keying (BPSK), the relationship between bit rate and bandwidth is straightforward:

- In BPSK, each symbol represents 1 bit.
- The symbol rate (baud rate) equals the bit rate.
- The null-to-null bandwidth for BPSK using a rectangular pulse shape is approximately:
  
  \[
  B = 2 \times R_s
  \]
  
  where \( R_s \) is the symbol rate (in symbols/second), which equals the bit rate in BPSK.

Given:
- Bit rate = 60 Mbps → Symbol rate \( R_s = 60 \) Mbps

So:
\[
\text{Null-to-null bandwidth} = 2 \times 60 \, \text{Mbps} = 120 \, \text{MHz}
\]

✅ Final Answer: **120 MHz**",120.0,0.5,0.06706394999999998
A source emits symbols from an alphabet of size 131072 with equal probability. What is the entropy per symbol (in bits)?,"To calculate the entropy per symbol when symbols are emitted with equal probability, we use the formula for entropy of a discrete uniform distribution:

\[
H = \log_2(N)
\]

where:
- \( N \) is the number of possible symbols (alphabet size),
- \( H \) is the entropy in bits per symbol.

Given:
- \( N = 131072 \)

Now compute:

\[
H = \log_2(131072)
\]

We can simplify this by recognizing that:

\[
131072 = 2^{17}
\]

Because:
- \( 2^{10} = 1024 \)
- \( 2^{17} = 2^{10} \times 2^7 = 1024 \times 128 = 131072 \)

Therefore:

\[
\log_2(131072) = \log_2(2^{17}) = 17
\]

✅ Final Answer:
\[
\boxed{17} \text{ bits per symbol}
\]",17.0,1.0,0.07099809999999998
"In a digital system, the noise power is 10^{-14} W and signal power is 10^{-11} W. What is SNR in dB?","To calculate the Signal-to-Noise Ratio (SNR) in decibels (dB), use the formula:

\[
\text{SNR (dB)} = 10 \log_{10} \left( \frac{\text{Signal Power}}{\text{Noise Power}} \right)
\]

Given:
- Signal Power = \( 10^{-11} \) W
- Noise Power = \( 10^{-14} \) W

Substitute into the formula:

\[
\text{SNR (dB)} = 10 \log_{10} \left( \frac{10^{-11}}{10^{-14}} \right)
= 10 \log_{10} \left( 10^{3} \right)
= 10 \times 3
= 30 \, \text{dB}
\]

✅ Final Answer: **30 dB**",30.0,1.0,0.06695054999999998
"For a matched filter, if the input signal energy is 8 μJ and noise PSD N0=8×10^{-12} W/Hz, what is the output SNR (linear)?","To calculate the output Signal-to-Noise Ratio (SNR) for a matched filter, we use the fundamental formula:

\[
\text{SNR}_{\text{out}} = \frac{2E}{N_0}
\]

Where:
- \( E \) is the signal energy in joules (J),
- \( N_0 \) is the noise power spectral density in watts per hertz (W/Hz),
- The factor of 2 arises from the matched filter's optimal performance when the signal is known and the noise is white Gaussian.

Given:
- \( E = 8 \, \mu\text{J} = 8 \times 10^{-6} \, \text{J} \)
- \( N_0 = 8 \times 10^{-12} \, \text{W/Hz} \)

Now plug into the formula:

\[
\text{SNR}_{\text{out}} = \frac{2 \times 8 \times 10^{-6}}{8 \times 10^{-12}} = \frac{16 \times 10^{-6}}{8 \times 10^{-12}} = 2 \times 10^{6}
\]

So, the output SNR (linear) is:

\[
\boxed{2 \times 10^6}
\]",2000000.0,0.0,0.06823119999999999
"If the sampling rate is 75 kHz, what is the maximum analog frequency (in kHz) that can be represented?","According to the **Nyquist-Shannon sampling theorem**, the maximum analog frequency that can be accurately represented without aliasing is **half the sampling rate**.

Given:
- Sampling rate = 75 kHz

Maximum analog frequency =  
\[
\frac{75\ \text{kHz}}{2} = 37.5\ \text{kHz}
\]

✅ **Answer: 37.5 kHz**",37.5,0.5,0.06623139999999997
"A binary symmetric channel has crossover probability 0.48. If the input symbols are equally likely, what is the probability of receiving a 0?","We are given:

- A **binary symmetric channel (BSC)** with crossover probability \( p = 0.48 \).
- The input symbols are **equally likely**, so:
  \[
  P(X = 0) = P(X = 1) = 0.5
  \]

We are asked to find the probability of receiving a 0, i.e., \( P(Y = 0) \).

---

### Step-by-step:

In a BSC:
- If the input is 0, the output is 0 with probability \( 1 - p \), and 1 with probability \( p \).
- If the input is 1, the output is 1 with probability \( 1 - p \), and 0 with probability \( p \).

So, using the law of total probability:

\[
P(Y = 0) = P(Y = 0 \mid X = 0)P(X = 0) + P(Y = 0 \mid X = 1)P(X = 1)
\]

Substitute the values:

\[
P(Y = 0) = (1 - p)(0.5) + p(0.5)
\]

\[
P(Y = 0) = 0.5(1 - p + p) = 0.5(1) = 0.5
\]

---

### ✅ Final Answer:
\[
\boxed{0.5}
\]

The probability of receiving a 0 is **0.5**, regardless of the crossover probability in this symmetric case when inputs are equally likely.",0.5,1.0,0.06906099999999998
"For QPSK, if the symbol energy is 40 μJ, what is the energy per bit (in μJ)?","In QPSK (Quadrature Phase Shift Keying), each symbol represents 2 bits.

Given:
- Symbol energy \( E_s = 40 \, \mu\text{J} \)

Since each symbol carries 2 bits, the energy per bit \( E_b \) is:

\[
E_b = \frac{E_s}{2} = \frac{40 \, \mu\text{J}}{2} = 20 \, \mu\text{J}
\]

✅ Answer: **20 μJ**",20.0,1.0,0.06682829999999998
"In a (7,4) Hamming code, what is the minimum Hamming distance?","In a (7,4) Hamming code, the **minimum Hamming distance is 3**.

### Explanation:
- A (7,4) Hamming code encodes 4 data bits into 7 bits by adding 3 parity bits.
- The minimum Hamming distance (d_min) is the smallest number of bit positions in which any two valid codewords differ.
- For Hamming codes in general, the minimum distance is always **3**, which means:
  - It can **detect up to 2 errors**.
  - It can **correct 1 error**.

This property arises from the structure of the parity-check matrix used in Hamming codes — no two columns are linearly dependent, and no column is all zeros. This ensures that the minimum weight of any non-zero codeword is 3, hence d_min = 3.

✅ So, the answer is: **3**.",3.0,1.0,0.06739024999999997
"For a uniform quantizer with 24 bits, what is the SQNR (in dB) for a full-scale sinusoid?","For a uniform quantizer, the Signal-to-Quantization Noise Ratio (SQNR) for a full-scale sinusoidal signal is given by the formula:

\[
\text{SQNR (dB)} = 6.02 \times b + 1.76
\]

where \( b \) is the number of bits.

Given \( b = 24 \):

\[
\text{SQNR} = 6.02 \times 24 + 1.76 = 144.48 + 1.76 = 146.24 \, \text{dB}
\]

✅ Final Answer: **146.24 dB**",146.24,1.0,0.06727549999999997
A channel has bandwidth 15 MHz and SNR 25 dB. What is the Shannon capacity (in Mbps)?,"To calculate the **Shannon capacity** of a channel, we use the Shannon-Hartley theorem:

\[
C = B \log_2(1 + \text{SNR})
\]

Where:
- \( C \) = channel capacity in bits per second (bps)
- \( B \) = bandwidth in Hz
- SNR = signal-to-noise ratio (as a linear ratio, not in dB)

---

### Given:
- Bandwidth \( B = 15 \) MHz = \( 15 \times 10^6 \) Hz
- SNR = 25 dB

First, convert SNR from dB to linear scale:

\[
\text{SNR}_{\text{linear}} = 10^{\frac{\text{SNR}_{\text{dB}}}{10}} = 10^{\frac{25}{10}} = 10^{2.5} = 316.23
\]

Now plug into the formula:

\[
C = 15 \times 10^6 \times \log_2(316.23)
\]

Calculate \( \log_2(316.23) \):

\[
\log_2(316.23) = \frac{\log_{10}(316.23)}{\log_{10}(2)} \approx \frac{2.5}{0.3010} \approx 8.305
\]

Now compute capacity:

\[
C \approx 15 \times 10^6 \times 8.305 = 124.575 \times 10^6 \text{ bps} = 124.575 \text{ Mbps}
\]

---

### ✅ Final Answer:
**124.6 Mbps** (rounded to one decimal place)",124.5,0.5,0.07171274999999998
"For BPSK, if the bit duration is 0.005 μs, what is the null-to-null bandwidth (in MHz)?","For Binary Phase Shift Keying (BPSK), the null-to-null bandwidth is determined by the bit rate and the modulation scheme.

### Step 1: Calculate Bit Rate
Given:
- Bit duration \( T_b = 0.005 \, \mu\text{s} = 5 \times 10^{-9} \, \text{s} \)

Bit rate \( R_b = \frac{1}{T_b} = \frac{1}{5 \times 10^{-9}} = 200 \times 10^6 \, \text{bits per second} = 200 \, \text{Mbps} \)

### Step 2: Null-to-Null Bandwidth for BPSK
For BPSK using a rectangular pulse shape, the null-to-null bandwidth is approximately:

\[
B_{\text{null-null}} = 2 \times R_b
\]

This is because the first nulls in the sinc-shaped spectrum occur at ±\( R_b \), so the total width between the first nulls is \( 2R_b \).

So:

\[
B_{\text{null-null}} = 2 \times 200 \, \text{MHz} = 400 \, \text{MHz}
\]

✅ **Answer:** **400 MHz**",400.0,0.5,0.06937074999999998
"In a binary system, if the bit error probability is 0.00005, what is the probability that a 100-bit word has no error?","We are given:

- Bit error probability, \( p = 0.00005 \)
- Word length = 100 bits
- We want the probability that **no errors occur** in the 100-bit word.

---

### Step-by-step:

The probability that a single bit is **correct** (i.e., no error) is:

\[
1 - p = 1 - 0.00005 = 0.99995
\]

For a 100-bit word to have **no errors**, all 100 bits must be correct. Assuming independent bit errors, the probability is:

\[
P(\text{no error}) = (1 - p)^{100} = (0.99995)^{100}
\]

Now compute this:

\[
(0.99995)^{100} = e^{100 \cdot \ln(0.99995)}
\]

First, calculate \( \ln(0.99995) \):

\[
\ln(0.99995) \approx -0.00005000125
\]

Then multiply by 100:

\[
100 \cdot \ln(0.99995) \approx -0.005000125
\]

Now exponentiate:

\[
e^{-0.005000125} \approx 1 - 0.005000125 + \frac{(0.005000125)^2}{2} \approx 0.99500125
\]

More accurately using a calculator:

\[
(0.99995)^{100} \approx 0.995001247
\]

---

### ✅ Final Answer:
\[
\boxed{0.9950}
\]

So, the probability that a 100-bit word has no error is approximately **0.9950** or **99.5%**.",0.995,0.0,0.07364365
A PCM system samples at 48 kHz and uses 20 bits per sample. What is the data rate (in Mbps)?,"To calculate the data rate of a PCM (Pulse Code Modulation) system:

**Given:**
- Sampling rate = 48 kHz = 48,000 samples per second  
- Bits per sample = 20 bits

**Data rate (in bits per second):**
\[
\text{Data rate} = \text{Sampling rate} \times \text{Bits per sample}
\]
\[
= 48,\!000 \, \text{samples/sec} \times 20 \, \text{bits/sample}
\]
\[
= 960,\!000 \, \text{bits per second}
\]

Convert to Mbps (megabits per second):
\[
960,\!000 \, \text{bps} = 0.96 \, \text{Mbps}
\]

✅ **Answer: 0.96 Mbps**",0.96,0.5,0.06955834999999998
"For a raised-cosine filter with α=0.8, what is the absolute bandwidth if the symbol rate is 30 MBaud?","To calculate the absolute bandwidth of a raised-cosine filter, we use the formula:

\[
B = \frac{R_s}{2} (1 + \alpha)
\]

Where:
- \( B \) is the absolute bandwidth (in Hz),
- \( R_s \) is the symbol rate (in symbols per second, or Baud),
- \( \alpha \) is the roll-off factor (0 ≤ α ≤ 1).

Given:
- \( R_s = 30 \) MBaud = \( 30 \times 10^6 \) Baud,
- \( \alpha = 0.8 \),

Substitute into the formula:

\[
B = \frac{30 \times 10^6}{2} (1 + 0.8) = 15 \times 10^6 \times 1.8 = 27 \times 10^6 \, \text{Hz}
\]

So, the absolute bandwidth is:

**27 MHz** ✅",27.0,0.5,0.07012169999999998
"If the modulation index of FM is 12 and the modulating frequency is 4 kHz, what is the frequency deviation (in kHz)?","In frequency modulation (FM), the **modulation index** (β) is defined as:

\[
\beta = \frac{\Delta f}{f_m}
\]

Where:
- \( \Delta f \) = frequency deviation (in kHz or Hz)
- \( f_m \) = modulating frequency (in kHz or Hz)
- \( \beta \) = modulation index (dimensionless)

Given:
- \( \beta = 12 \)
- \( f_m = 4 \text{ kHz} \)

We solve for \( \Delta f \):

\[
\Delta f = \beta \times f_m = 12 \times 4 \text{ kHz} = 48 \text{ kHz}
\]

✅ **Answer: 48 kHz**",48.0,0.5,0.07109714999999998
"In a digital communication system, the symbol rate is 10 MBaud and the bandwidth is 8 MHz. What is the spectral efficiency (in bps/Hz)?","To calculate the **spectral efficiency** in bits per second per hertz (bps/Hz), we use the formula:

\[
\text{Spectral Efficiency} = \frac{\text{Bit Rate}}{\text{Bandwidth}}
\]

However, in this problem, we're given the **symbol rate** (also called baud rate), not the bit rate directly. So we need to know how many bits are carried per symbol — that is, the number of bits per symbol, often denoted as \( \log_2 M \) for an \( M \)-ary signaling scheme.

But here’s the key point:  
If no modulation scheme is specified, and we're only given symbol rate and bandwidth, **we assume that each symbol carries 1 bit**, which corresponds to a binary modulation like BPSK (binary phase shift keying). This is common in basic problems unless otherwise stated.

So:

- Symbol rate = 10 MBaud = 10 × 10⁶ symbols/second  
- If each symbol = 1 bit ⇒ Bit rate = 10 Mbps  
- Bandwidth = 8 MHz = 8 × 10⁶ Hz

Now compute spectral efficiency:

\[
\text{Spectral Efficiency} = \frac{10 \times 10^6 \text{ bps}}{8 \times 10^6 \text{ Hz}} = \frac{10}{8} = 1.25 \text{ bps/Hz}
\]

✅ Final Answer:
**1.25 bps/Hz**",1.25,0.0,0.07226119999999998
"For a Gaussian distribution with mean 0 and variance 0.04, what is the probability that the value is greater than 0.2?","We are given a Gaussian (normal) distribution with:

- Mean μ = 0  
- Variance σ² = 0.04 → Standard deviation σ = √0.04 = 0.2

We are asked to find the probability that a value X is greater than 0.2:

P(X > 0.2)

### Step 1: Standardize the variable
Convert to the standard normal variable Z using the formula:

Z = (X - μ) / σ  
→ Z = (0.2 - 0) / 0.2 = 1

So we want:
P(X > 0.2) = P(Z > 1)

### Step 2: Use the standard normal table or calculator
From standard normal distribution tables or using a calculator:

P(Z > 1) = 1 - P(Z ≤ 1)  
P(Z ≤ 1) ≈ 0.8413  
→ P(Z > 1) ≈ 1 - 0.8413 = 0.1587

### ✅ Final Answer:
**0.1587** (or about 15.87%)",0.1587,0.0,0.07186529999999998
"A binary source emits symbols with probabilities P(0)=0.99, P(1)=0.01. What is the entropy (in bits per symbol)?","To calculate the entropy of a binary source, we use the formula for Shannon entropy:

\[
H = -\sum_{i} p_i \log_2 p_i
\]

For this binary source:
- \( P(0) = 0.99 \)
- \( P(1) = 0.01 \)

So the entropy is:

\[
H = -[P(0) \log_2 P(0) + P(1) \log_2 P(1)]
\]

Plug in the values:

\[
H = -[0.99 \log_2(0.99) + 0.01 \log_2(0.01)]
\]

We need to compute each term:

1. \( \log_2(0.99) \approx \frac{\ln(0.99)}{\ln(2)} \approx \frac{-0.01005}{0.6931} \approx -0.0145 \)

   So:  
   \( 0.99 \times \log_2(0.99) \approx 0.99 \times (-0.0145) \approx -0.014355 \)

2. \( \log_2(0.01) = \frac{\ln(0.01)}{\ln(2)} = \frac{-4.6052}{0.6931} \approx -6.644 \)

   So:  
   \( 0.01 \times \log_2(0.01) \approx 0.01 \times (-6.644) = -0.06644 \)

Now sum:

\[
H = -[(-0.014355) + (-0.06644)] = -[-0.080795] = 0.080795 \text{ bits per symbol}
\]

✅ Final Answer:
**Approximately 0.081 bits per symbol**",0.0808,1.0,0.07478334999999998
"In QPSK, if the bit energy is 0.05 μJ, what is the symbol energy (in μJ)?","In QPSK (Quadrature Phase Shift Keying), each symbol represents 2 bits.

Therefore, the symbol energy \( E_s \) is twice the bit energy \( E_b \):

\[
E_s = 2 \times E_b
\]

Given:
\[
E_b = 0.05 \, \mu\text{J}
\]

So:
\[
E_s = 2 \times 0.05 = 0.10 \, \mu\text{J}
\]

✅ Answer: **0.10 μJ**",0.1,1.0,0.07146389999999998
"For a (31,26) Hamming code, what is the number of parity bits?","A (n, k) Hamming code has:

- n = total codeword length  
- k = number of data bits  
- r = number of parity bits  

The relationship between them is:

**n = k + r**

Also, for a Hamming code to correct single-bit errors, the number of parity bits must satisfy:

**2^r ≥ n + 1**

Given:
- n = 31  
- k = 26  

We want to find r.

From n = k + r:
→ r = n - k = 31 - 26 = **5**

Now check if this satisfies the Hamming bound:
→ 2^r = 2^5 = 32  
→ n + 1 = 31 + 1 = 32  
→ 32 ≥ 32 → ✅ Satisfied

✅ So, for a (31,26) Hamming code, the number of parity bits is **5**.",5.0,1.0,0.07385985
"If the SNR at the input of a quantizer is 35 dB and the SQNR is 45 dB, what is the processing gain (in dB)?","To calculate the **processing gain (PG)** in dB, we use the relationship:

\[
\text{Processing Gain (dB)} = \text{SQNR (dB)} - \text{SNR}_{\text{input}} (\text{dB})
\]

Given:
- Input SNR = 35 dB
- SQNR = 45 dB

Now plug in the values:

\[
\text{PG} = 45\ \text{dB} - 35\ \text{dB} = 10\ \text{dB}
\]

✅ **Answer:** The processing gain is **10 dB**.",10.0,1.0,0.0730377
"For a sinusoidal modulating signal, what is the modulation index if the carrier amplitude is 50 V and the sideband amplitude is 20 V?","To find the **modulation index** (denoted as \( m \)) for a sinusoidal modulating signal, we use the relationship between the sideband amplitudes and the carrier amplitude in **AM (Amplitude Modulation)**.

For a standard AM wave:

\[
A_{\text{sideband}} = \frac{m \cdot A_c}{2}
\]

Where:
- \( A_{\text{sideband}} \) = amplitude of each sideband
- \( A_c \) = amplitude of the carrier
- \( m \) = modulation index (normally expressed as a decimal or percentage)

Given:
- \( A_c = 50 \, \text{V} \)
- \( A_{\text{sideband}} = 20 \, \text{V} \)

Plug into the formula:

\[
20 = \frac{m \cdot 50}{2}
\]

Multiply both sides by 2:

\[
40 = 50m
\]

Solve for \( m \):

\[
m = \frac{40}{50} = 0.8
\]

✅ **Answer:** The modulation index is **0.8** (or 80%).",0.8,0.0,0.0741172
"In a binary symmetric channel, if the crossover probability is 0.38, what is the channel capacity (in bits per use)?","The channel capacity \( C \) of a binary symmetric channel (BSC) with crossover probability \( p \) is given by the formula:

\[
C = 1 - H(p)
\]

where \( H(p) \) is the binary entropy function:

\[
H(p) = -p \log_2 p - (1 - p) \log_2 (1 - p)
\]

Given:  
\( p = 0.38 \)

### Step 1: Compute \( H(0.38) \)

\[
H(0.38) = -0.38 \log_2 0.38 - 0.62 \log_2 0.62
\]

We compute each term:

- \( \log_2 0.38 = \frac{\ln 0.38}{\ln 2} \approx \frac{-0.9680}{0.6931} \approx -1.3967 \)
- \( \log_2 0.62 = \frac{\ln 0.62}{\ln 2} \approx \frac{-0.4780}{0.6931} \approx -0.6895 \)

Now plug in:

\[
H(0.38) = -0.38 \times (-1.3967) - 0.62 \times (-0.6895)
= 0.5307 + 0.4275 = 0.9582 \text{ bits}
\]

### Step 2: Compute channel capacity

\[
C = 1 - H(0.38) = 1 - 0.9582 = 0.0418 \text{ bits per use}
\]

### ✅ Final Answer:
**0.0418 bits per use**",0.029,0.0,0.07558224999999999
A signal has bandwidth 50 kHz and is sampled at 120 kHz. What is the Nyquist rate (in kHz)?,"The **Nyquist rate** is the minimum sampling rate required to avoid aliasing, and it is defined as:

\[
f_{\text{Nyquist}} = 2 \times f_{\text{max}}
\]

where \( f_{\text{max}} \) is the highest frequency component in the signal.

Given:
- Bandwidth = 50 kHz → this implies the highest frequency \( f_{\text{max}} = 50 \) kHz (assuming the signal starts from 0 Hz, i.e., baseband).

So,

\[
f_{\text{Nyquist}} = 2 \times 50\ \text{kHz} = 100\ \text{kHz}
\]

✅ The Nyquist rate is **100 kHz**.",100.0,0.5,0.07323865
"For BPSK, if the required Eb/N0 for BER=10^-15 is 18 dB, what is the linear γ?","To find the linear value of γ (which typically represents the signal-to-noise ratio per bit, i.e., Eb/N0) given that it's 18 dB for a BER of 10⁻¹⁵ in BPSK:

### Step 1: Convert dB to linear scale
The formula to convert from dB to linear is:

\[
\gamma_{\text{linear}} = 10^{\frac{\gamma_{\text{dB}}}{10}}
\]

Given:
\[
\gamma_{\text{dB}} = 18 \, \text{dB}
\]

So:

\[
\gamma_{\text{linear}} = 10^{\frac{18}{10}} = 10^{1.8}
\]

### Step 2: Calculate the value

\[
10^{1.8} = 10^{1 + 0.8} = 10^1 \times 10^{0.8} = 10 \times 6.30957 \approx 63.0957
\]

### ✅ Final Answer:
\[
\gamma_{\text{linear}} \approx 63.1
\]

So, the linear γ (Eb/N0) is approximately **63.1**.",63.1,1.0,0.07450699999999999
"In a PCM system, if the signal is quantized into 8192 levels, how many bits per sample are needed?","In a Pulse Code Modulation (PCM) system, the number of bits per sample required to represent a certain number of quantization levels is determined by the formula:

\[
\text{Number of bits per sample} = \log_2(\text{Number of quantization levels})
\]

Given that the signal is quantized into **8192 levels**:

\[
\log_2(8192) = ?
\]

We know that:

\[
2^{13} = 8192
\]

So,

\[
\log_2(8192) = 13
\]

✅ Therefore, **13 bits per sample** are needed.",13.0,1.0,0.073733
"For a rectangular pulse of duration T, what is the energy spectral density at f=2.5/T?","For a rectangular pulse of duration \( T \), the energy spectral density (ESD) is given by the squared magnitude of its Fourier transform.

The rectangular pulse function is:

\[
x(t) = 
\begin{cases}
1, & |t| \leq T/2 \\
0, & \text{otherwise}
\end{cases}
\]

Its Fourier transform is:

\[
X(f) = T \cdot \text{sinc}(fT)
\]
where \( \text{sinc}(fT) = \frac{\sin(\pi f T)}{\pi f T} \)

The energy spectral density is:

\[
S_{xx}(f) = |X(f)|^2 = T^2 \cdot \text{sinc}^2(fT)
\]

Now, evaluate at \( f = \frac{2.5}{T} \):

\[
S_{xx}\left(\frac{2.5}{T}\right) = T^2 \cdot \text{sinc}^2\left(\frac{2.5}{T} \cdot T\right) = T^2 \cdot \text{sinc}^2(2.5)
\]

Recall:
\[
\text{sinc}(2.5) = \frac{\sin(\pi \cdot 2.5)}{\pi \cdot 2.5} = \frac{\sin(2.5\pi)}{2.5\pi}
\]

But \( \sin(2.5\pi) = \sin(\pi + 1.5\pi) = \sin(\pi + \pi/2) = \sin(3\pi/2) = -1 \)

So:
\[
\text{sinc}(2.5) = \frac{-1}{2.5\pi} = -\frac{1}{2.5\pi}
\]

Then:
\[
\text{sinc}^2(2.5) = \left(-\frac{1}{2.5\pi}\right)^2 = \frac{1}{(2.5\pi)^2}
\]

Therefore:
\[
S_{xx}\left(\frac{2.5}{T}\right) = T^2 \cdot \frac{1}{(2.5\pi)^2} = \frac{T^2}{(2.5\pi)^2}
\]

Final Answer:
\[
\boxed{\frac{T^2}{(2.5\pi)^2}}
\]",0.016 A^2 T^2,1.0,0.035673049999999984
"In a digital system, if the bit rate is 400 Mbps and the modulation is 512-QAM, what is the symbol rate (in MBaud)?","To calculate the symbol rate (in MBaud) given the bit rate and modulation scheme:

### Given:
- Bit rate = 400 Mbps
- Modulation = 512-QAM

### Step 1: Understand 512-QAM
In 512-QAM, each symbol represents **log₂(512)** bits.

\[
\log_2(512) = 9 \text{ bits per symbol}
\]

Because \( 2^9 = 512 \).

### Step 2: Use the formula
\[
\text{Symbol rate} = \frac{\text{Bit rate}}{\text{Bits per symbol}}
\]

\[
\text{Symbol rate} = \frac{400 \text{ Mbps}}{9 \text{ bits/symbol}} = \frac{400}{9} \text{ Msymbols/s} \approx 44.44 \text{ MBaud}
\]

### ✅ Final Answer:
**44.44 MBaud**",44.44,0.5,0.0318475
A source emits symbols from an alphabet of size 262144 with equal probability. What is the entropy per symbol (in bits)?,"We are given:

- The alphabet size: \( n = 262144 \)
- Each symbol is emitted with equal probability.

This is a uniform discrete source, so the entropy per symbol is given by the formula for entropy of a uniform distribution:

\[
H = \log_2(n)
\]

Substitute \( n = 262144 \):

\[
H = \log_2(262144)
\]

Now, compute the logarithm:

Note that:
\[
2^{18} = 262144
\]

So:
\[
\log_2(262144) = 18
\]

✅ Therefore, the entropy per symbol is:

**18 bits**.",18.0,1.0,0.031581399999999996
"For a matched filter, if the input SNR is -15 dB and the processing gain is 35 dB, what is the output SNR (in dB)?","To calculate the output SNR for a matched filter, you use the following relationship:

\[
\text{Output SNR (dB)} = \text{Input SNR (dB)} + \text{Processing Gain (dB)}
\]

Given:
- Input SNR = -15 dB
- Processing Gain = 35 dB

Now plug in the values:

\[
\text{Output SNR} = -15 \, \text{dB} + 35 \, \text{dB} = 20 \, \text{dB}
\]

✅ **Answer: 20 dB**",20.0,1.0,0.032068349999999995
"In an AM system, if the modulation index is 0.3 and the carrier power is 90 W, what is the sideband power (in W)?","In an AM (Amplitude Modulation) system, the total power is the sum of the carrier power and the sideband power.

The formula for the total power in an AM signal is:

\[
P_{\text{total}} = P_c \left(1 + \frac{m^2}{2}\right)
\]

where:
- \( P_c \) = carrier power
- \( m \) = modulation index

The **sideband power** (\( P_{\text{sb}} \)) is the portion of the total power that is not in the carrier. It is given by:

\[
P_{\text{sb}} = P_c \cdot \frac{m^2}{2}
\]

Given:
- \( m = 0.3 \)
- \( P_c = 90 \, \text{W} \)

Now calculate:

\[
P_{\text{sb}} = 90 \times \frac{(0.3)^2}{2} = 90 \times \frac{0.09}{2} = 90 \times 0.045 = 4.05 \, \text{W}
\]

✅ Final Answer: **4.05 W**",4.05,1.0,0.034351249999999986
"For a binary symmetric channel with ε=0.42, what is the probability of receiving a 0 if a 1 was sent?","In a binary symmetric channel (BSC), the probability of receiving a bit that is different from the one sent is called the crossover probability, denoted by ε.

Given:
- ε = 0.42

If a **1 was sent**, the probability of receiving a **0** is exactly the crossover probability ε.

So, the probability of receiving a **0** if a **1 was sent** is:

**0.42**",0.42,1.0,0.03388354999999999
A channel has bandwidth 2000 kHz and SNR 30 dB. What is the Shannon capacity (in Mbps)?,"To calculate the **Shannon capacity**, we use the formula:

\[
C = B \log_2(1 + \text{SNR})
\]

Where:
- \( C \) = channel capacity in bits per second (bps)
- \( B \) = bandwidth in Hz
- SNR = signal-to-noise ratio (as a linear ratio, not in dB)

---

### Given:
- Bandwidth \( B = 2000 \, \text{kHz} = 2 \times 10^6 \, \text{Hz} \)
- SNR = 30 dB

We must convert SNR from decibels to a linear scale:

\[
\text{SNR}_{\text{linear}} = 10^{\frac{\text{SNR}_{\text{dB}}}{10}} = 10^{\frac{30}{10}} = 10^3 = 1000
\]

Now plug into the Shannon formula:

\[
C = 2 \times 10^6 \times \log_2(1 + 1000) = 2 \times 10^6 \times \log_2(1001)
\]

We can approximate \( \log_2(1001) \). Since:

\[
\log_2(1000) = \frac{\log_{10}(1000)}{\log_{10}(2)} = \frac{3}{0.3010} \approx 9.967
\]

And \( \log_2(1001) \approx 9.97 \)

So:

\[
C \approx 2 \times 10^6 \times 9.97 = 19.94 \times 10^6 \, \text{bps} = 19.94 \, \text{Mbps}
\]

---

### ✅ Final Answer:
**Approximately 19.94 Mbps**",19.93,0.5,0.037473699999999985
"For a uniform quantizer with L=4096 levels and full-scale range 24 V, what is the step size Δ (in mV)?","To find the step size Δ of a uniform quantizer:

We are given:
- Number of levels, L = 4096
- Full-scale range = 24 V (from -12 V to +12 V, or total span = 24 V)

The step size Δ is calculated as:

\[
\Delta = \frac{\text{Full-scale range}}{L}
\]

\[
\Delta = \frac{24\ \text{V}}{4096}
\]

First, compute in volts:

\[
\Delta = \frac{24}{4096} = 0.005859375\ \text{V}
\]

Convert to millivolts (mV):

\[
\Delta = 0.005859375 \times 1000 = 5.859375\ \text{mV}
\]

So, the step size is approximately:

**5.86 mV** (rounded to two decimal places)  
or exactly **5.859375 mV** if precision is required.",5.86,1.0,0.03511819999999998
"In a QPSK system, if the symbol duration is 200 μs, what is the bit duration (in μs)?","In a QPSK (Quadrature Phase Shift Keying) system:

- Each symbol represents **2 bits** (since QPSK has 4 constellation points: 00, 01, 10, 11).

Given:
- Symbol duration = 200 μs

Since one symbol carries 2 bits, the bit duration is:

\[
\text{Bit duration} = \frac{\text{Symbol duration}}{2} = \frac{200\ \mu s}{2} = 100\ \mu s
\]

✅ Answer: **100 μs**",100.0,0.5,0.03443289999999999
"A (n,k) code has n=1023 and k=1013. What is the number of parity bits?","In a block code (n, k), the number of parity bits is given by:

\[
n - k
\]

Given:
- \( n = 1023 \)
- \( k = 1013 \)

So, the number of parity bits is:

\[
1023 - 1013 = 10
\]

✅ Answer: **10 parity bits**",10.0,1.0,0.03369064999999999
"For a sinusoidal modulating signal, what is the modulation index if the peak amplitude of the modulating signal is 15 V and the carrier amplitude is 75 V?","The modulation index (m) for amplitude modulation (AM) is defined as:

\[
m = \frac{A_m}{A_c}
\]

where:
- \( A_m \) = peak amplitude of the modulating signal  
- \( A_c \) = peak amplitude of the carrier signal

Given:
- \( A_m = 15 \, \text{V} \)
- \( A_c = 75 \, \text{V} \)

Substitute into the formula:

\[
m = \frac{15}{75} = 0.2
\]

✅ So, the modulation index is **0.2** or **20%**.",0.2,0.0,0.03621439999999999
"In a digital system, the symbol error rate is 5×10^-9. If the modulation is 1024-QAM with Gray coding, what is approximate bit error rate?","To estimate the bit error rate (BER) from the symbol error rate (SER) for a 1024-QAM system with Gray coding, we use the approximation:

\[
\text{BER} \approx \frac{\text{SER}}{\log_2(M)}
\]

where:
- \( M = 1024 \) (number of symbols in QAM),
- \( \log_2(1024) = 10 \) (since \( 2^{10} = 1024 \)),
- SER = \( 5 \times 10^{-9} \).

So,

\[
\text{BER} \approx \frac{5 \times 10^{-9}}{10} = 5 \times 10^{-10}
\]

✅ Final Answer:  
**\( 5 \times 10^{-10} \)**

This is the approximate bit error rate for 1024-QAM with Gray coding when the symbol error rate is \( 5 \times 10^{-9} \).",5e-10,0.0,0.03761469999999999
"For a raised-cosine filter with α=1.0 and symbol rate 40 MBaud, what is the absolute bandwidth (in MHz)?","To calculate the absolute bandwidth of a raised-cosine filter, we use the formula:

\[
B = \frac{R_s}{2} (1 + \alpha)
\]

Where:
- \( B \) is the absolute bandwidth (in Hz),
- \( R_s \) is the symbol rate (in symbols per second),
- \( \alpha \) is the roll-off factor (0 ≤ α ≤ 1).

Given:
- \( R_s = 40 \) MBaud = \( 40 \times 10^6 \) symbols/second,
- \( \alpha = 1.0 \).

Substitute into the formula:

\[
B = \frac{40 \times 10^6}{2} (1 + 1) = 20 \times 10^6 \times 2 = 40 \times 10^6 \text{ Hz}
\]

So, the absolute bandwidth is:

\[
\boxed{40} \text{ MHz}
\]",40.0,0.5,0.037746849999999985
"A source emits symbols with probabilities 0.2, 0.2, 0.2, 0.2, 0.2. What is the entropy (in bits per symbol)?","We are given a source that emits 5 symbols, each with equal probability:

\[
P = 0.2 \quad \text{for each of the 5 symbols}
\]

The entropy \( H \) of a discrete memoryless source is given by:

\[
H = -\sum_{i=1}^{n} p_i \log_2 p_i
\]

Here, \( n = 5 \), and each \( p_i = 0.2 \), so:

\[
H = -5 \times (0.2 \log_2 0.2)
\]

First, compute \( \log_2 0.2 \):

\[
\log_2 0.2 = \frac{\log_{10} 0.2}{\log_{10} 2} \approx \frac{-0.69897}{0.30103} \approx -2.3219
\]

Now plug into the formula:

\[
H = -5 \times (0.2 \times -2.3219) = -5 \times (-0.46438) = 2.3219
\]

Alternatively, since all probabilities are equal, we can use the simplified formula for uniform distribution:

\[
H = \log_2 n = \log_2 5 \approx 2.3219 \, \text{bits per symbol}
\]

✅ Final Answer:
\[
\boxed{2.32} \text{ bits per symbol}
\]",2.322,1.0,0.03864679999999999
"In a PCM system, if the sampling frequency is 11.025 kHz and each sample is represented by 16 bits, what is the bit rate (in kbps)?","To calculate the bit rate in a PCM (Pulse Code Modulation) system:

**Bit Rate = Sampling Frequency × Bits per Sample**

Given:
- Sampling frequency = 11.025 kHz = 11,025 samples/second
- Bits per sample = 16 bits

So,

**Bit Rate = 11,025 samples/sec × 16 bits/sample  
= 176,400 bits/sec**

Convert to kbps (kilobits per second):

**176,400 bits/sec = 176.4 kbps**

✅ Final Answer: **176.4 kbps**",176.4,0.5,0.03704619999999999
"For a binary symmetric channel, if the error probability is 0.45, what is the channel capacity (in bits per use)?","For a binary symmetric channel (BSC), the channel capacity \( C \) is given by:

\[
C = 1 - H(p)
\]

where:
- \( p \) is the error probability (cross-over probability),
- \( H(p) \) is the binary entropy function:

\[
H(p) = -p \log_2 p - (1 - p) \log_2 (1 - p)
\]

Given:  
\( p = 0.45 \)

Step 1: Compute \( H(0.45) \)

\[
H(0.45) = -0.45 \log_2(0.45) - 0.55 \log_2(0.55)
\]

First, compute the logarithms:

- \( \log_2(0.45) = \frac{\ln(0.45)}{\ln(2)} \approx \frac{-0.7985}{0.6931} \approx -1.152 \)
- \( \log_2(0.55) = \frac{\ln(0.55)}{\ln(2)} \approx \frac{-0.5978}{0.6931} \approx -0.862 \)

Now plug in:

\[
H(0.45) = -0.45(-1.152) - 0.55(-0.862) \\
= 0.5184 + 0.4741 = 0.9925 \text{ bits}
\]

Step 2: Compute capacity:

\[
C = 1 - H(0.45) = 1 - 0.9925 = 0.0075 \text{ bits per use}
\]

✅ Final Answer:
\[
\boxed{0.0075} \text{ bits per use}
\]

This very low capacity reflects that the channel is nearly useless when the error probability is close to 0.5 — here at 0.45, it's just slightly better than random guessing.",0.029,0.0,0.04365004999999998
What is the bandwidth of a DSB-SC signal if the modulating signal has bandwidth 30 kHz?,"For a Double Sideband Suppressed Carrier (DSB-SC) signal, the bandwidth is **twice** the bandwidth of the modulating (baseband) signal.

Given:
- Bandwidth of the modulating signal = 30 kHz

Therefore, the bandwidth of the DSB-SC signal is:

\[
\text{Bandwidth}_{\text{DSB-SC}} = 2 \times 30\ \text{kHz} = 60\ \text{kHz}
\]

✅ Answer: **60 kHz**",60000.0,1.0,0.03809789999999998
"For a rectangular pulse of width T, what is the 80-dB bandwidth (in terms of 1/T)?","The 80-dB bandwidth of a rectangular pulse refers to the frequency range over which the magnitude of the Fourier transform (spectrum) of the pulse is within 80 dB of its peak value.

For a rectangular pulse of width \( T \), the Fourier transform is a sinc function:

\[
X(f) = T \cdot \text{sinc}(fT) = T \cdot \frac{\sin(\pi f T)}{\pi f T}
\]

The peak value occurs at \( f = 0 \), where \( X(0) = T \).

We want the bandwidth where the magnitude of \( |X(f)| \) is 80 dB below this peak. That means:

\[
20 \log_{10} \left( \frac{|X(f)|}{|X(0)|} \right) = -80
\]

So,

\[
\frac{|X(f)|}{|X(0)|} = 10^{-4} = 0.0001
\]

Since \( \frac{|X(f)|}{|X(0)|} = |\text{sinc}(fT)| \), we solve:

\[
|\text{sinc}(fT)| = 10^{-4}
\]

Let \( x = fT \). Then:

\[
\left| \frac{\sin(\pi x)}{\pi x} \right| = 10^{-4}
\]

This equation must be solved numerically for \( x \). The first positive solution where \( \left| \frac{\sin(\pi x)}{\pi x} \right| = 10^{-4} \) gives the first null of the envelope, but since it's a decaying oscillation, there are multiple solutions — we want the smallest \( x > 0 \) such that the magnitude drops to \( 10^{-4} \).

Using known numerical approximations or solving iteratively:

- At \( x \approx 6.5 \), \( \text{sinc}(x) \approx \frac{\sin(\pi x)}{\pi x} \) has a magnitude around \( 10^{-4} \)
- More precisely, for \( \left| \frac{\sin(\pi x)}{\pi x} \right| = 10^{-4} \), the first solution is approximately \( x \approx 6.57 \)

So:

\[
fT \approx 6.57 \quad \Rightarrow \quad f \approx \frac{6.57}{T}
\]

The **80-dB bandwidth** is the full width between the two points where the magnitude drops to 80 dB below the peak — so it’s symmetric about \( f = 0 \):

\[
\text{Bandwidth} = 2f = 2 \times \frac{6.57}{T} = \frac{13.14}{T}
\]

✅ Final Answer:
\[
\boxed{\frac{13.14}{T}}
\]

This is the 80-dB bandwidth in terms of \( 1/T \).",0.035,0.0,0.045478049999999985
"If the bit rate is 100 Mbps and the modulation is BPSK, what is the null-to-null bandwidth (in MHz)?","For BPSK (Binary Phase Shift Keying), the null-to-null bandwidth is approximately equal to the bit rate.

This is because BPSK uses one bit per symbol, so the symbol rate (baud rate) equals the bit rate. The null-to-null bandwidth of a BPSK signal, when using rectangular pulses or standard baseband shaping, is:

\[
B = R_b
\]

Where:
- \( B \) = null-to-null bandwidth
- \( R_b \) = bit rate

Given:
- Bit rate \( R_b = 100 \) Mbps

So:

\[
B = 100 \text{ MHz}
\]

✅ Answer: **100 MHz**",200.0,0.0,0.03885359999999999
A source emits symbols from an alphabet of size 524288 with equal probability. What is the entropy per symbol (in bits)?,"We are given:

- An alphabet of size \( N = 524288 \)
- Each symbol is emitted with equal probability

This is a **uniform discrete distribution**, so the entropy per symbol is given by the formula for entropy of a uniform distribution:

\[
H = \log_2(N)
\]

Substitute \( N = 524288 \):

\[
H = \log_2(524288)
\]

Now, recognize that:

\[
524288 = 2^{19}
\]

Because:
\[
2^{10} = 1024 \\
2^{20} = 1048576 \Rightarrow 2^{19} = 524288
\]

So:

\[
\log_2(524288) = \log_2(2^{19}) = 19
\]

✅ Therefore, the entropy per symbol is:

**19 bits**",19.0,1.0,0.04130629999999998
"In a digital system, the noise power is 10^{-15} W and signal power is 10^{-12} W. What is SNR in dB?","To calculate the Signal-to-Noise Ratio (SNR) in decibels (dB), use the formula:

\[
\text{SNR (dB)} = 10 \log_{10} \left( \frac{\text{Signal Power}}{\text{Noise Power}} \right)
\]

Given:
- Signal Power = \( 10^{-12} \) W  
- Noise Power = \( 10^{-15} \) W

Substitute into the formula:

\[
\text{SNR (dB)} = 10 \log_{10} \left( \frac{10^{-12}}{10^{-15}} \right)
= 10 \log_{10} \left( 10^{3} \right)
= 10 \times 3
= 30 \, \text{dB}
\]

✅ Final Answer: **30 dB**",30.0,1.0,0.04157624999999998
"For a matched filter, if the input signal energy is 10 μJ and noise PSD N0=10^{-11} W/Hz, what is the output SNR (linear)?","To calculate the output Signal-to-Noise Ratio (SNR) for a matched filter, we use the fundamental formula:

\[
\text{SNR}_{\text{out}} = \frac{2E}{N_0}
\]

Where:
- \( E \) is the energy of the input signal (in joules),
- \( N_0 \) is the noise power spectral density (in watts per hertz).

Given:
- Signal energy \( E = 10 \, \mu\text{J} = 10 \times 10^{-6} \, \text{J} \)
- Noise PSD \( N_0 = 10^{-11} \, \text{W/Hz} \)

Plug into the formula:

\[
\text{SNR}_{\text{out}} = \frac{2 \times 10 \times 10^{-6}}{10^{-11}} = \frac{20 \times 10^{-6}}{10^{-11}} = 20 \times 10^{5} = 2 \times 10^6
\]

So, the output SNR (linear) is:

\[
\boxed{2 \times 10^6}
\]",2000000.0,0.0,0.041871449999999984
"If the sampling rate is 100 kHz, what is the maximum analog frequency (in kHz) that can be represented?","According to the Nyquist-Shannon sampling theorem, the maximum analog frequency that can be accurately represented without aliasing is **half the sampling rate**.

Given:
- Sampling rate = 100 kHz

Maximum analog frequency = 100 kHz / 2 = **50 kHz**

✅ So, the maximum analog frequency that can be represented is **50 kHz**.",50.0,0.5,0.03924994999999999
"A binary symmetric channel has crossover probability 0.49. If the input symbols are equally likely, what is the probability of receiving a 1?","We are given:

- A **binary symmetric channel (BSC)** with crossover probability \( p = 0.49 \).
- Input symbols are equally likely: \( P(X = 0) = P(X = 1) = 0.5 \).

We are asked to find the **probability of receiving a 1**, i.e., \( P(Y = 1) \).

---

### Step-by-step solution:

The output \( Y \) depends on the input \( X \) and the channel behavior.

Using the law of total probability:

\[
P(Y = 1) = P(Y = 1 | X = 0)P(X = 0) + P(Y = 1 | X = 1)P(X = 1)
\]

From the BSC model:
- \( P(Y = 1 | X = 0) = p = 0.49 \) → this is the crossover probability (flipping 0 to 1),
- \( P(Y = 1 | X = 1) = 1 - p = 1 - 0.49 = 0.51 \) → no flip,
- \( P(X = 0) = P(X = 1) = 0.5 \)

Now plug in:

\[
P(Y = 1) = (0.49)(0.5) + (0.51)(0.5)
\]
\[
= 0.245 + 0.255
\]
\[
= 0.5
\]

---

### ✅ Final Answer:
**0.5**

Even with a crossover probability close to 0.5, since the inputs are equally likely, the output distribution remains uniform — the channel doesn't bias the output when inputs are symmetric.",0.5,1.0,0.04413504999999998
"For QPSK, if the symbol energy is 50 μJ, what is the energy per bit (in μJ)?","In QPSK (Quadrature Phase Shift Keying), each symbol represents 2 bits.

Given:
- Symbol energy \( E_s = 50 \, \mu\text{J} \)

Since each symbol carries 2 bits, the energy per bit \( E_b \) is:

\[
E_b = \frac{E_s}{\log_2(M)}
\]

For QPSK, \( M = 4 \), so \( \log_2(4) = 2 \).

\[
E_b = \frac{50 \, \mu\text{J}}{2} = 25 \, \mu\text{J}
\]

**Answer:** 25 μJ",25.0,1.0,0.041964399999999985
"In a (15,11) Hamming code, what is the minimum Hamming distance?","In a (15,11) Hamming code:

- **n = 15** is the block length (total number of bits in each codeword)
- **k = 11** is the number of information bits
- The number of parity bits is **n - k = 4**

For any Hamming code with parameters (n, k), where n = 2^r - 1 and k = 2^r - r - 1 (for some integer r), the **minimum Hamming distance d_min = 3**.

In this case:
- n = 15 = 2⁴ − 1 → so r = 4
- k = 2⁴ − 4 − 1 = 16 − 5 = 11 ✅

✅ Therefore, the minimum Hamming distance for a (15,11) Hamming code is:

**d_min = 3**

This means it can detect up to 2 errors or correct 1 error.",3.0,0.0,0.042095449999999986
"For a uniform quantizer with 28 bits, what is the SQNR (in dB) for a full-scale sinusoid?","To calculate the Signal-to-Quantization Noise Ratio (SQNR) for a uniform quantizer with 28 bits, assuming a full-scale sinusoidal signal, we can use the standard formula for an ideal uniform quantizer:

\[
\text{SQNR (dB)} = 6.02 \times b + 1.76
\]

where:
- \( b \) is the number of bits,
- The constant 1.76 dB accounts for the signal power of a full-scale sinusoid (as opposed to a full-scale ramp or triangle wave).

For \( b = 28 \):

\[
\text{SQNR} = 6.02 \times 28 + 1.76
\]
\[
= 168.56 + 1.76
\]
\[
= 170.32 \, \text{dB}
\]

✅ **Answer:**  
**170.32 dB**",170.32,1.0,0.044261599999999984
A channel has bandwidth 20 MHz and SNR 30 dB. What is the Shannon capacity (in Mbps)?,"To calculate the **Shannon capacity**, we use the Shannon-Hartley theorem:

\[
C = B \log_2(1 + \text{SNR})
\]

Where:
- \( C \) = channel capacity in bits per second (bps)
- \( B \) = bandwidth in Hz
- SNR = signal-to-noise ratio (linear, not in dB)

---

### Given:
- Bandwidth \( B = 20 \, \text{MHz} = 20 \times 10^6 \, \text{Hz} \)
- SNR = 30 dB

First, convert SNR from decibels to linear scale:

\[
\text{SNR}_{\text{linear}} = 10^{\frac{\text{SNR}_{\text{dB}}}{10}} = 10^{\frac{30}{10}} = 10^3 = 1000
\]

Now plug into the formula:

\[
C = 20 \times 10^6 \times \log_2(1000)
\]

We know:
\[
\log_2(1000) = \frac{\log_{10}(1000)}{\log_{10}(2)} = \frac{3}{0.3010} \approx 9.9658
\]

So:

\[
C \approx 20 \times 10^6 \times 9.9658 = 199.316 \times 10^6 \, \text{bps}
\]

Convert to Mbps:

\[
C \approx 199.32 \, \text{Mbps}
\]

---

### ✅ Final Answer:
**199.32 Mbps**",199.4,0.5,0.049980349999999986
"For BPSK, if the bit duration is 0.002 μs, what is the null-to-null bandwidth (in MHz)?","For Binary Phase Shift Keying (BPSK), the null-to-null bandwidth is determined by the bit rate and the modulation scheme.

Given:

- Bit duration \( T_b = 0.002 \, \mu\text{s} = 2 \times 10^{-9} \, \text{s} \)

Step 1: Calculate the bit rate \( R_b \):

\[
R_b = \frac{1}{T_b} = \frac{1}{2 \times 10^{-9}} = 5 \times 10^8 \, \text{bits per second} = 500 \, \text{Mbps}
\]

Step 2: For BPSK, the null-to-null bandwidth (also called the first-null bandwidth) of the baseband signal is approximately:

\[
B_{\text{null-to-null}} = 2 \times R_b \quad \text{(for baseband)}
\]

But since BPSK is typically transmitted as a bandpass signal using a carrier, the **null-to-null bandwidth of the modulated RF signal** is the same as the baseband null-to-null bandwidth — it’s still:

\[
B = 2 \times R_b
\]

So:

\[
B = 2 \times 500 \, \text{MHz} = 1000 \, \text{MHz}
\]

✅ Final Answer:
**1000 MHz**",1000.0,0.5,0.04654619999999998
"In a binary system, if the bit error probability is 0.00001, what is the probability that a 50-bit word has exactly one error?","We are given:

- Bit error probability: \( p = 0.00001 = 10^{-5} \)
- Word length: \( n = 50 \) bits
- We want the probability of **exactly one error** in the 50-bit word.

This is a classic binomial probability problem:

\[
P(\text{exactly } k \text{ errors}) = \binom{n}{k} p^k (1 - p)^{n - k}
\]

For \( k = 1 \), \( n = 50 \), and \( p = 10^{-5} \):

\[
P(1 \text{ error}) = \binom{50}{1} (10^{-5})^1 (1 - 10^{-5})^{49}
\]

Step-by-step:

1. \( \binom{50}{1} = 50 \)

2. \( (10^{-5})^1 = 10^{-5} \)

3. \( (1 - 10^{-5})^{49} \approx e^{-49 \times 10^{-5}} \)  
   (Using the approximation \( (1 - x)^n \approx e^{-nx} \) for small \( x \))

   So:
   \[
   (1 - 10^{-5})^{49} \approx e^{-0.00049}
   \]

   Now calculate:
   \[
   e^{-0.00049} \approx 1 - 0.00049 + \frac{(0.00049)^2}{2} \approx 0.99951
   \]
   (More precisely, using calculator: \( e^{-0.00049} \approx 0.99951002 \))

Now multiply all together:

\[
P(1 \text{ error}) \approx 50 \times 10^{-5} \times 0.99951002
\]

\[
= 5 \times 10^{-4} \times 0.99951002
\]

\[
\approx 4.99755 \times 10^{-4}
\]

### Final Answer:
\[
\boxed{0.000499755}
\]

Or approximately \( 4.998 \times 10^{-4} \).",0.0005,0.0,0.050837649999999984
A PCM system samples at 96 kHz and uses 24 bits per sample. What is the data rate (in Mbps)?,"To calculate the data rate of a PCM (Pulse Code Modulation) system:

**Given:**
- Sampling frequency = 96 kHz = 96,000 samples per second  
- Bits per sample = 24 bits  

**Data rate (in bits per second)** =  
Sampling rate × Bits per sample  
= 96,000 samples/sec × 24 bits/sample  
= 2,304,000 bits per second (bps)

Convert to **Mbps (megabits per second):**  
2,304,000 bps = 2.304 Mbps

✅ **Answer:** **2.304 Mbps**",2.304,0.5,0.04675689999999998
"For a raised-cosine filter with α=0.4, what is the absolute bandwidth if the symbol rate is 50 MBaud?","To calculate the absolute bandwidth of a raised-cosine filter, we use the formula:

\[
B = \frac{R_s}{2} (1 + \alpha)
\]

Where:
- \( B \) is the absolute bandwidth (in Hz),
- \( R_s \) is the symbol rate (in symbols per second, or Baud),
- \( \alpha \) is the roll-off factor (0 ≤ α ≤ 1).

Given:
- \( R_s = 50 \, \text{MBaud} = 50 \times 10^6 \, \text{Baud} \),
- \( \alpha = 0.4 \).

Now plug in the values:

\[
B = \frac{50 \times 10^6}{2} (1 + 0.4) = 25 \times 10^6 \times 1.4 = 35 \times 10^6 \, \text{Hz}
\]

So, the absolute bandwidth is:

\[
\boxed{35 \, \text{MHz}}
\]",35.0,0.5,0.0033578
"If the modulation index of FM is 15 and the modulating frequency is 5 kHz, what is the frequency deviation (in kHz)?","In Frequency Modulation (FM), the modulation index (β) is defined as:

\[
\beta = \frac{\Delta f}{f_m}
\]

Where:
- \( \Delta f \) = frequency deviation (in kHz or Hz),
- \( f_m \) = modulating frequency (in kHz or Hz),
- \( \beta \) = modulation index (dimensionless).

Given:
- \( \beta = 15 \)
- \( f_m = 5 \, \text{kHz} \)

We can solve for \( \Delta f \):

\[
\Delta f = \beta \times f_m = 15 \times 5 = 75 \, \text{kHz}
\]

✅ **Answer: 75 kHz**",75.0,0.5,0.0018812999999999998
"In a digital communication system, the symbol rate is 20 MBaud and the bandwidth is 16 MHz. What is the spectral efficiency (in bps/Hz)?","To calculate the **spectral efficiency** in **bps/Hz**, we use the formula:

\[
\text{Spectral Efficiency} = \frac{\text{Bit Rate (bps)}}{\text{Bandwidth (Hz)}}
\]

However, in this problem, we are given the **symbol rate** (also called baud rate), not the bit rate. To proceed, we need to determine how many bits per symbol are being transmitted — that is, the number of bits per symbol, often denoted as \( \log_2(M) \) for an M-ary modulation scheme.

But since the problem does not specify the modulation scheme (e.g., QPSK, 16-QAM, etc.), we must assume the most basic case: **binary modulation (M=2)**, where each symbol carries 1 bit. In that case, the bit rate equals the symbol rate.

### Given:
- Symbol rate = 20 MBaud = 20 × 10⁶ symbols/second
- Bandwidth = 16 MHz = 16 × 10⁶ Hz

Assuming 1 bit per symbol (binary modulation):

- Bit rate = 20 Mbps = 20 × 10⁶ bps

Now compute spectral efficiency:

\[
\text{Spectral Efficiency} = \frac{20 \times 10^6 \text{ bps}}{16 \times 10^6 \text{ Hz}} = \frac{20}{16} = 1.25 \text{ bps/Hz}
\]

✅ **Answer:** **1.25 bps/Hz**

**Note:** If a higher-order modulation were used (e.g., 16-QAM, which has 4 bits/symbol), the spectral efficiency would be higher. But since no modulation is specified, the standard assumption is binary (1 bit/symbol).",1.25,0.0,0.006990649999999999
"For a Gaussian distribution with mean 0 and variance 9, what is the probability that the value is between -3 and 3?","We are given a **Gaussian (normal) distribution** with:

- Mean $ \mu = 0 $
- Variance $ \sigma^2 = 9 $ → So standard deviation $ \sigma = 3 $

We want to find:

$$
P(-3 < X < 3)
$$

This is equivalent to finding the probability that a normally distributed random variable falls within **1 standard deviation** of the mean.

### Step-by-step:

We can standardize this using the Z-score formula:

$$
Z = \frac{X - \mu}{\sigma}
$$

So:
- When $ X = -3 $, $ Z = \frac{-3 - 0}{3} = -1 $
- When $ X = 3 $, $ Z = \frac{3 - 0}{3} = 1 $

Thus,

$$
P(-3 < X < 3) = P(-1 < Z < 1)
$$

From standard normal distribution tables or using a calculator:

$$
P(-1 < Z < 1) = \Phi(1) - \Phi(-1)
$$

Where $ \Phi(z) $ is the cumulative distribution function (CDF) of the standard normal.

- $ \Phi(1) \approx 0.8413 $
- $ \Phi(-1) = 1 - \Phi(1) = 1 - 0.8413 = 0.1587 $

So:

$$
P(-1 < Z < 1) = 0.8413 - 0.1587 = 0.6826
$$

### ✅ Final Answer:
$$
\text{Probability} \approx 0.6826 \quad \text{or} \quad 68.26\%
$$

This matches the well-known ""68-95-99.7 rule"": about 68% of values lie within 1 standard deviation of the mean in a normal distribution.",0.6827,0.0,0.0048043999999999995
"A binary source emits symbols with probabilities P(0)=0.999, P(1)=0.001. What is the entropy (in bits per symbol)?","To calculate the entropy \( H \) of a binary source, we use the formula:

\[
H = -\sum_{i} p_i \log_2 p_i
\]

For a binary source with:
- \( P(0) = 0.999 \)
- \( P(1) = 0.001 \)

The entropy is:

\[
H = -[P(0) \log_2 P(0) + P(1) \log_2 P(1)]
\]

Plug in the values:

\[
H = -[0.999 \log_2(0.999) + 0.001 \log_2(0.001)]
\]

We compute each term:

1. \( \log_2(0.999) \approx \frac{\ln(0.999)}{\ln(2)} \approx \frac{-0.0010005}{0.6931} \approx -0.001443 \)

   So:  
   \( 0.999 \log_2(0.999) \approx 0.999 \times (-0.001443) \approx -0.001441 \)

2. \( \log_2(0.001) = \log_2(10^{-3}) = -3 \log_2(10) \approx -3 \times 3.3219 = -9.9657 \)

   So:  
   \( 0.001 \log_2(0.001) = 0.001 \times (-9.9657) = -0.0099657 \)

Now sum:

\[
H = -[ -0.001441 - 0.0099657 ] = 0.0114067 \text{ bits per symbol}
\]

✅ Final Answer:
\[
\boxed{0.0114} \text{ bits per symbol}
\]",0.0114,1.0,0.008229099999999998
"In QPSK, if the bit energy is 0.01 μJ, what is the symbol energy (in μJ)?","In QPSK (Quadrature Phase Shift Keying), each symbol represents **2 bits**.

Given:
- Bit energy \( E_b = 0.01 \, \mu\text{J} \)

Since each symbol carries 2 bits, the symbol energy \( E_s \) is:

\[
E_s = 2 \times E_b = 2 \times 0.01 \, \mu\text{J} = 0.02 \, \mu\text{J}
\]

✅ Answer: **0.02 μJ**",0.02,1.0,0.0005515999999999999
"For a (63,57) Hamming code, what is the number of parity bits?","A Hamming code is typically defined by the relationship between the total number of bits (n) and the number of data bits (k). The number of parity bits (r) satisfies:

2^r ≥ n + 1  
where n = k + r

For a (63,57) Hamming code:
- Total bits n = 63
- Data bits k = 57
- Parity bits r = ?

So, we have:
n = k + r  
63 = 57 + r  
r = 63 - 57 = 6

Alternatively, check that this satisfies the Hamming bound:
2^r ≥ n + 1  
2^6 = 64 ≥ 63 + 1 = 64 → ✅

Therefore, the number of parity bits is **6**.",6.0,1.0,0.0032149
"If the SNR at the input of a quantizer is 40 dB and the SQNR is 50 dB, what is the processing gain (in dB)?","The **processing gain** (PG) of a quantizer is defined as the difference between the **Signal-to-Quantization-Noise Ratio (SQNR)** and the **Signal-to-Noise Ratio (SNR)** at the input:

\[
\text{Processing Gain (dB)} = \text{SQNR (dB)} - \text{SNR (dB)}
\]

Given:
- SNR (input) = 40 dB
- SQNR = 50 dB

\[
\text{PG} = 50\ \text{dB} - 40\ \text{dB} = 10\ \text{dB}
\]

✅ **Answer: 10 dB**",10.0,1.0,0.0014029
"For a sinusoidal modulating signal, what is the modulation index if the carrier amplitude is 100 V and the sideband amplitude is 40 V?","To find the **modulation index** (often denoted as \( m \)) for a sinusoidal modulating signal, we use the relationship between the carrier amplitude and the sideband amplitudes in amplitude modulation (AM).

For standard AM:

- The sideband amplitudes are each equal to \( \frac{m A_c}{2} \), where:
  - \( A_c \) is the carrier amplitude,
  - \( m \) is the modulation index (a dimensionless number between 0 and 1 for proper modulation without distortion).

Given:
- Carrier amplitude \( A_c = 100 \, \text{V} \)
- Sideband amplitude \( = 40 \, \text{V} \)

So:

\[
\frac{m A_c}{2} = 40
\]

Substitute \( A_c = 100 \):

\[
\frac{m \cdot 100}{2} = 40
\]
\[
50m = 40
\]
\[
m = \frac{40}{50} = 0.8
\]

✅ **Answer: Modulation index \( m = 0.8 \)**

This means the signal is 80% modulated — within the acceptable range for AM without overmodulation.",0.8,0.0,0.0028943999999999997
"In a binary symmetric channel, if the crossover probability is 0.44, what is the channel capacity (in bits per use)?","The channel capacity \( C \) of a **binary symmetric channel (BSC)** with crossover probability \( p \) is given by:

\[
C = 1 - H(p)
\]

where \( H(p) \) is the binary entropy function:

\[
H(p) = -p \log_2 p - (1 - p) \log_2 (1 - p)
\]

Given:
- \( p = 0.44 \)

### Step 1: Compute \( H(0.44) \)

\[
H(0.44) = -0.44 \log_2 0.44 - 0.56 \log_2 0.56
\]

First, compute the logarithms (base 2):

- \( \log_2 0.44 = \frac{\ln 0.44}{\ln 2} \approx \frac{-0.82098}{0.6931} \approx -1.1847 \)
- \( \log_2 0.56 = \frac{\ln 0.56}{\ln 2} \approx \frac{-0.57982}{0.6931} \approx -0.8365 \)

Now plug in:

\[
H(0.44) = -0.44 \times (-1.1847) - 0.56 \times (-0.8365)
= 0.5213 + 0.4684 = 0.9897 \text{ bits}
\]

### Step 2: Compute channel capacity

\[
C = 1 - H(0.44) = 1 - 0.9897 = 0.0103 \text{ bits per use}
\]

### ✅ Final Answer:
**0.0103 bits per use**

This very low capacity reflects that the channel is nearly useless due to high noise (crossover probability close to 0.5).",0.029,0.0,0.010384499999999998
A signal has bandwidth 60 kHz and is sampled at 150 kHz. What is the Nyquist rate (in kHz)?,"The **Nyquist rate** is the minimum sampling rate required to avoid aliasing, and it is equal to **twice the highest frequency component** of the signal.

Given:
- The signal has a **bandwidth of 60 kHz**.  
  This means the highest frequency component is 60 kHz (assuming the signal is baseband, from 0 to 60 kHz).

So, the Nyquist rate is:

\[
\text{Nyquist rate} = 2 \times 60\ \text{kHz} = 120\ \text{kHz}
\]

✅ Answer: **120 kHz**",120.0,0.5,0.005660899999999999
"For BPSK, if the required Eb/N0 for BER=10^-20 is 22 dB, what is the linear γ?","To find the linear γ (gamma), which is the signal-to-noise ratio per bit (Eb/N₀) in linear scale, given that the required Eb/N₀ for BER = 10⁻²⁰ is 22 dB, we convert from decibels (dB) to a linear scale:

\[
\gamma = 10^{\frac{\text{Eb/N₀ (dB)}}{10}}
\]

Given:
- Eb/N₀ (dB) = 22 dB

\[
\gamma = 10^{\frac{22}{10}} = 10^{2.2}
\]

Now calculate:

\[
10^{2.2} = 10^2 \times 10^{0.2} = 100 \times 10^{0.2}
\]

Using \(10^{0.2} \approx 1.5849\):

\[
\gamma \approx 100 \times 1.5849 = 158.49
\]

✅ Final Answer:
\[
\gamma \approx 158.49
\]",158.5,1.0,0.006746049999999999
"In a PCM system, if the signal is quantized into 16384 levels, how many bits per sample are needed?","In a PCM (Pulse Code Modulation) system, the number of bits per sample is determined by the number of quantization levels.

The relationship is:

\[
\text{Number of quantization levels} = 2^n
\]

where \( n \) is the number of bits per sample.

Given:
\[
2^n = 16384
\]

We solve for \( n \):

\[
n = \log_2(16384)
\]

Since \( 16384 = 2^{14} \), we have:

\[
n = 14
\]

✅ Therefore, **14 bits per sample** are needed.",14.0,1.0,0.0050706
"For a rectangular pulse of duration T, what is the energy spectral density at f=3/T?","To find the energy spectral density (ESD) of a rectangular pulse at a specific frequency, let's go through the steps.

### 1. **Rectangular Pulse Definition**
A rectangular pulse of duration \( T \), amplitude \( A \), and centered at \( t = 0 \) can be written as:

\[
x(t) = 
\begin{cases}
A, & |t| \leq \frac{T}{2} \\
0, & \text{otherwise}
\end{cases}
\]

### 2. **Fourier Transform (Spectrum)**
The Fourier transform of this pulse is:

\[
X(f) = A T \cdot \text{sinc}(fT)
\]
where \( \text{sinc}(fT) = \frac{\sin(\pi f T)}{\pi f T} \)

Note: Some define sinc as \( \text{sinc}(x) = \frac{\sin x}{x} \), so in this case, it’s \( \text{sinc}(\pi f T) \). To avoid confusion, we use:
\[
X(f) = A T \cdot \frac{\sin(\pi f T)}{\pi f T}
\]

### 3. **Energy Spectral Density (ESD)**
The ESD is defined as:

\[
S_{xx}(f) = |X(f)|^2
\]

So,
\[
S_{xx}(f) = \left| A T \cdot \frac{\sin(\pi f T)}{\pi f T} \right|^2 = A^2 T^2 \cdot \left( \frac{\sin(\pi f T)}{\pi f T} \right)^2
\]

### 4. **Evaluate at \( f = \frac{3}{T} \)**
Plug in \( f = \frac{3}{T} \):

\[
\pi f T = \pi \cdot \frac{3}{T} \cdot T = 3\pi
\]

Now compute:
\[
S_{xx}\left(\frac{3}{T}\right) = A^2 T^2 \cdot \left( \frac{\sin(3\pi)}{3\pi} \right)^2
\]

But \( \sin(3\pi) = 0 \), so:

\[
S_{xx}\left(\frac{3}{T}\right) = A^2 T^2 \cdot \left( \frac{0}{3\pi} \right)^2 = 0
\]

### ✅ Final Answer:
**0**

The energy spectral density at \( f = \frac{3}{T} \) is **zero** because it corresponds to a zero of the sinc function — i.e., a null in the spectrum.",0.0,0.0,0.014283649999999991
"In a digital system, if the bit rate is 1 Gbps and the modulation is 64-QAM, what is the symbol rate (in MBaud)?","To calculate the symbol rate (in MBaud) given a bit rate and modulation scheme:

### Given:
- Bit rate = 1 Gbps = 10⁹ bits per second
- Modulation = 64-QAM

### Key Concept:
In QAM (Quadrature Amplitude Modulation), each symbol represents a certain number of bits.

For **64-QAM**:
- Each symbol carries \(\log_2(64) = 6\) bits

### Formula:
\[
\text{Symbol Rate} = \frac{\text{Bit Rate}}{\text{Bits per Symbol}}
\]

\[
\text{Symbol Rate} = \frac{10^9 \text{ bps}}{6} = \frac{1000000000}{6} \approx 166.67 \times 10^6 \text{ symbols per second}
\]

### Result:
\[
\text{Symbol Rate} \approx 166.67 \text{ MBaud}
\]

✅ **Answer: 166.67 MBaud**",166.67,0.5,0.009443449999999997
A source emits symbols from an alphabet of size 1048576 with equal probability. What is the entropy per symbol (in bits)?,"To calculate the entropy per symbol for a source that emits symbols from an alphabet of size \( N = 1048576 \) with equal probability, we use the formula for entropy of a discrete uniform distribution:

\[
H = \log_2(N)
\]

Here, \( N = 1048576 \). Let's compute this:

First, recognize that:
\[
1048576 = 2^{20}
\]

So:
\[
H = \log_2(2^{20}) = 20
\]

✅ Therefore, the entropy per symbol is:

**20 bits**",20.0,1.0,0.006594699999999999
"For a matched filter, if the input SNR is -20 dB and the processing gain is 40 dB, what is the output SNR (in dB)?","To calculate the output SNR of a matched filter, you use the relationship:

\[
\text{Output SNR (dB)} = \text{Input SNR (dB)} + \text{Processing Gain (dB)}
\]

Given:
- Input SNR = -20 dB
- Processing Gain = 40 dB

So,

\[
\text{Output SNR} = -20 \, \text{dB} + 40 \, \text{dB} = 20 \, \text{dB}
\]

✅ **Answer: 20 dB**",20.0,1.0,0.0041994499999999995
"In an AM system, if the modulation index is 0.6 and the carrier power is 120 W, what is the sideband power (in W)?","In an AM (Amplitude Modulation) system, the total power is composed of:

- Carrier power (\( P_c \))
- Sideband power (\( P_{sb} \))

The sideband power depends on the modulation index (\( m \)) and the carrier power.

The formula for the total power in AM is:

\[
P_{\text{total}} = P_c \left(1 + \frac{m^2}{2}\right)
\]

But we're asked for the **sideband power**, which is:

\[
P_{\text{sidebands}} = P_c \cdot \frac{m^2}{2}
\]

Given:
- Modulation index \( m = 0.6 \)
- Carrier power \( P_c = 120 \, \text{W} \)

Now plug in the values:

\[
P_{\text{sidebands}} = 120 \cdot \frac{(0.6)^2}{2}
= 120 \cdot \frac{0.36}{2}
= 120 \cdot 0.18
= 21.6 \, \text{W}
\]

✅ Final Answer: **21.6 W**",21.6,1.0,0.007268149999999999
"For a binary symmetric channel with ε=0.47, what is the probability of receiving a 1 if a 0 was sent?","In a binary symmetric channel (BSC), the probability of receiving a bit that is different from the one sent is given by the crossover probability ε.

If a **0** was sent, the possible outcomes are:

- Receive **0** with probability \( 1 - \varepsilon \)
- Receive **1** with probability \( \varepsilon \)

Given:
- \( \varepsilon = 0.47 \)

So, the probability of receiving a **1** if a **0** was sent is simply:

\[
P(\text{receive } 1 \mid \text{send } 0) = \varepsilon = 0.47
\]

✅ Answer: **0.47**",0.47,1.0,0.004545799999999999
A channel has bandwidth 5000 kHz and SNR 40 dB. What is the Shannon capacity (in Mbps)?,"To calculate the **Shannon capacity**, we use the Shannon-Hartley theorem:

\[
C = B \log_2(1 + \text{SNR})
\]

Where:
- \( C \) = channel capacity in bits per second (bps)
- \( B \) = bandwidth in Hz
- SNR = signal-to-noise ratio (linear, not in dB)

---

### Step 1: Convert bandwidth to Hz
Given:
- Bandwidth \( B = 5000 \) kHz = \( 5000 \times 10^3 \) Hz = **5,000,000 Hz**

---

### Step 2: Convert SNR from dB to linear scale
Given:
- SNR = 40 dB

Use the formula:
\[
\text{SNR}_{\text{linear}} = 10^{\frac{\text{SNR}_{\text{dB}}}{10}} = 10^{\frac{40}{10}} = 10^4 = 10,000
\]

---

### Step 3: Apply Shannon’s formula
\[
C = 5,000,000 \times \log_2(1 + 10,000)
\]
Since 1 is negligible compared to 10,000:
\[
C \approx 5,000,000 \times \log_2(10,000)
\]

We know:
\[
\log_2(10,000) = \frac{\log_{10}(10,000)}{\log_{10}(2)} = \frac{4}{0.3010} \approx 13.29
\]

So:
\[
C \approx 5,000,000 \times 13.29 = 66,450,000 \text{ bps} = 66.45 \text{ Mbps}
\]

---

✅ **Final Answer:**  
**66.45 Mbps**",66.44,0.5,0.011509399999999996
"For a uniform quantizer with L=8192 levels and full-scale range 32 V, what is the step size Δ (in mV)?","To find the step size Δ of a uniform quantizer, we use the formula:

\[
\Delta = \frac{\text{Full-scale range}}{L}
\]

Given:
- Full-scale range = 32 V
- Number of levels \( L = 8192 \)

So:

\[
\Delta = \frac{32}{8192} \text{ volts}
\]

First, compute the value in volts:

\[
\Delta = \frac{32}{8192} = 0.00390625 \text{ V}
\]

Now convert to millivolts (mV):

\[
0.00390625 \text{ V} = 3.90625 \text{ mV}
\]

✅ Final Answer:
\[
\Delta = 3.90625 \text{ mV}
\]",3.91,1.0,0.0057823499999999995
"In a QPSK system, if the symbol duration is 500 μs, what is the bit duration (in μs)?","In a QPSK (Quadrature Phase Shift Keying) system:

- Each symbol represents **2 bits** (since QPSK uses 4 phases, and 2² = 4).
- The symbol duration is the time it takes to transmit one symbol.

Given:
- Symbol duration = 500 μs

Since each symbol carries 2 bits, the bit duration is:

\[
\text{Bit duration} = \frac{\text{Symbol duration}}{2} = \frac{500\ \mu s}{2} = 250\ \mu s
\]

**Answer: 250 μs**",250.0,0.5,0.0038631
"A (n,k) code has n=2047 and k=2035. What is the number of parity bits?","In a (n, k) linear block code:

- **n** is the total length of the codeword (number of bits in each codeword),
- **k** is the number of information bits,
- The number of **parity bits** is given by:  
  \[
  n - k
  \]

Given:
- \( n = 2047 \)
- \( k = 2035 \)

Number of parity bits:
\[
n - k = 2047 - 2035 = 12
\]

✅ Answer: **12 parity bits**.",12.0,1.0,0.011001149999999996
"For a sinusoidal modulating signal, what is the modulation index if the peak amplitude of the modulating signal is 20 V and the carrier amplitude is 100 V?","The modulation index (m) for amplitude modulation (AM) is defined as the ratio of the peak amplitude of the modulating signal (Aₘ) to the peak amplitude of the carrier signal (A_c):

\[
m = \frac{A_m}{A_c}
\]

Given:
- Peak amplitude of the modulating signal, \( A_m = 20 \, \text{V} \)
- Peak amplitude of the carrier signal, \( A_c = 100 \, \text{V} \)

Substitute the values:

\[
m = \frac{20}{100} = 0.2
\]

So, the modulation index is **0.2** or **20%**.",0.2,0.0,0.011662649999999995
"In a digital system, the symbol error rate is 10^-10. If the modulation is 256-QAM with Gray coding, what is approximate bit error rate?","To estimate the bit error rate (BER) from the symbol error rate (SER) for a 256-QAM modulation with Gray coding, we can use the following relationship:

### Key Concept:
- In **Gray-coded QAM**, each symbol error typically results in only **1 bit error** on average, because adjacent symbols differ by only one bit.
- For high-order QAM like 256-QAM, the SER is much higher than BER, but the BER ≈ SER / log₂(M), where M is the number of symbols.

Here:
- Modulation: 256-QAM → M = 256
- log₂(256) = 8 bits per symbol
- SER = 10⁻¹⁰

### Approximate BER:
\[
\text{BER} \approx \frac{\text{SER}}{\log_2(M)} = \frac{10^{-10}}{8} = 1.25 \times 10^{-11}
\]

✅ **Answer**:  
**Approximate Bit Error Rate (BER) ≈ 1.25 × 10⁻¹¹**  

This assumes ideal conditions (no inter-symbol interference, AWGN channel, perfect synchronization, etc.).",1.2499999999999999e-11,1.0,0.01326909999999999
"For a raised-cosine filter with α=0.7 and symbol rate 100 MBaud, what is the absolute bandwidth (in MHz)?","To calculate the absolute bandwidth of a raised-cosine filter, we use the formula:

\[
B = \frac{R_s}{2} (1 + \alpha)
\]

Where:
- \( B \) is the absolute bandwidth (in Hz),
- \( R_s \) is the symbol rate (in symbols per second),
- \( \alpha \) is the roll-off factor (0 ≤ α ≤ 1).

Given:
- \( R_s = 100 \, \text{MBaud} = 100 \times 10^6 \, \text{symbols/s} \),
- \( \alpha = 0.7 \).

Substitute into the formula:

\[
B = \frac{100 \times 10^6}{2} (1 + 0.7) = 50 \times 10^6 \times 1.7 = 85 \times 10^6 \, \text{Hz}
\]

So, the absolute bandwidth is:

\[
\boxed{85} \text{ MHz}
\]",85.0,0.5,0.014784749999999992
"A source emits symbols with probabilities 0.1, 0.2, 0.3, 0.4. What is the entropy (in bits per symbol)?","To calculate the entropy of a discrete source, we use the formula:

\[
H = -\sum_{i=1}^{n} p_i \log_2 p_i
\]

Given probabilities:  
\( p_1 = 0.1 \),  
\( p_2 = 0.2 \),  
\( p_3 = 0.3 \),  
\( p_4 = 0.4 \)

Now compute each term:

1. \( -0.1 \log_2(0.1) \)  
   \( \log_2(0.1) = \frac{\log_{10}(0.1)}{\log_{10}(2)} = \frac{-1}{0.3010} \approx -3.3219 \)  
   So, \( -0.1 \times (-3.3219) = 0.33219 \)

2. \( -0.2 \log_2(0.2) \)  
   \( \log_2(0.2) = \frac{\log_{10}(0.2)}{\log_{10}(2)} = \frac{-0.69897}{0.3010} \approx -2.3219 \)  
   So, \( -0.2 \times (-2.3219) = 0.46438 \)

3. \( -0.3 \log_2(0.3) \)  
   \( \log_2(0.3) = \frac{\log_{10}(0.3)}{0.3010} = \frac{-0.5229}{0.3010} \approx -1.737 \)  
   So, \( -0.3 \times (-1.737) = 0.5211 \)

4. \( -0.4 \log_2(0.4) \)  
   \( \log_2(0.4) = \frac{\log_{10}(0.4)}{0.3010} = \frac{-0.39794}{0.3010} \approx -1.322 \)  
   So, \( -0.4 \times (-1.322) = 0.5288 \)

Summing up all contributions:

\[
H = 0.33219 + 0.46438 + 0.5211 + 0.5288 \approx 1.8465 \text{ bits per symbol}
\]

✅ Final Answer: **1.8465 bits per symbol**",1.846,1.0,0.017638399999999995
"In a PCM system, if the sampling frequency is 22.05 kHz and each sample is represented by 16 bits, what is the bit rate (in kbps)?","To calculate the bit rate in a Pulse Code Modulation (PCM) system:

**Bit Rate = Sampling Frequency × Bits per Sample**

Given:
- Sampling frequency = 22.05 kHz = 22,050 samples per second
- Bits per sample = 16 bits

So,

**Bit Rate = 22,050 samples/second × 16 bits/sample = 352,800 bits/second**

Convert to kbps (kilobits per second):

352,800 bits/second = **352.8 kbps**

✅ Final Answer: **352.8 kbps**",352.8,0.5,0.011749549999999994
"For a binary symmetric channel, if the error probability is 0.48, what is the channel capacity (in bits per use)?","For a **binary symmetric channel (BSC)** with error probability \( p \), the channel capacity \( C \) in bits per use is given by:

\[
C = 1 - H(p)
\]

where \( H(p) \) is the binary entropy function:

\[
H(p) = -p \log_2 p - (1 - p) \log_2 (1 - p)
\]

Given:
- \( p = 0.48 \)

Now compute \( H(0.48) \):

\[
H(0.48) = -0.48 \log_2 0.48 - 0.52 \log_2 0.52
\]

First, compute the logarithms:

- \( \log_2 0.48 = \frac{\ln 0.48}{\ln 2} \approx \frac{-0.7340}{0.6931} \approx -1.059 \)
- \( \log_2 0.52 = \frac{\ln 0.52}{\ln 2} \approx \frac{-0.6539}{0.6931} \approx -0.943 \)

Now plug in:

\[
H(0.48) \approx -0.48(-1.059) - 0.52(-0.943) \\
= 0.5083 + 0.4904 = 0.9987
\]

Then:

\[
C = 1 - H(0.48) \approx 1 - 0.9987 = 0.0013 \text{ bits per use}
\]

✅ Final Answer:
\[
\boxed{0.0013} \text{ bits per use}
\]",0.029,0.0,0.015033149999999992
What is the bandwidth of a DSB-SC signal if the modulating signal has bandwidth 35 kHz?,"The bandwidth of a DSB-SC (Double Sideband Suppressed Carrier) signal is **twice the bandwidth of the modulating signal**.

Given:
- Bandwidth of the modulating signal = 35 kHz

Therefore, the bandwidth of the DSB-SC signal is:

\[
2 \times 35\ \text{kHz} = 70\ \text{kHz}
\]

✅ **Answer: 70 kHz**",70000.0,1.0,0.011567349999999995
"For a rectangular pulse of width T, what is the 90-dB bandwidth (in terms of 1/T)?","The 90-dB bandwidth of a rectangular pulse of width \( T \) refers to the frequency range over which the magnitude of the Fourier transform (spectrum) of the pulse drops by 90 dB from its peak value.

---

### Step 1: Fourier Transform of a Rectangular Pulse
The Fourier transform of a rectangular pulse of duration \( T \), centered at zero, is:

\[
X(f) = T \cdot \text{sinc}(fT)
\]
where \( \text{sinc}(x) = \frac{\sin(\pi x)}{\pi x} \).

The peak of the spectrum is at \( f = 0 \), where \( X(0) = T \).

---

### Step 2: Define 90-dB Bandwidth
We want the frequency \( f_{90} \) such that:
\[
20 \log_{10}\left| \frac{X(f_{90})}{X(0)} \right| = -90 \, \text{dB}
\]

Substitute \( X(f) = T \cdot \text{sinc}(fT) \), so:
\[
20 \log_{10} \left| \text{sinc}(fT) \right| = -90
\]

Divide both sides by 20:
\[
\log_{10} \left| \text{sinc}(fT) \right| = -4.5
\]

Take base-10 exponential:
\[
\left| \text{sinc}(fT) \right| = 10^{-4.5} = 3.162 \times 10^{-5}
\]

So we solve:
\[
\left| \frac{\sin(\pi f T)}{\pi f T} \right| = 3.162 \times 10^{-5}
\]

Let \( x = \pi f T \). Then:
\[
\left| \frac{\sin(x)}{x} \right| = 3.162 \times 10^{-5}
\]

This equation must be solved numerically for \( x \), then converted back to \( f \).

---

### Step 3: Numerical Solution
For small \( x \), \( \frac{\sin x}{x} \approx 1 \), but we want where it falls to \( 3.162 \times 10^{-5} \).

This occurs near the first zero crossing of the sinc function (at \( x = \pi \)), and just before the first side lobe minimum. The first null of \( \text{sinc}(x) \) is at \( x = \pi \), meaning \( f = \frac{1}{T} \).

However, the first minimum of the sinc envelope (not the zero crossings) occurs at approximately:
- First side lobe minima occur around \( x \approx \pi, 2\pi, 3\pi, \dots \), but the **first minimum** of \( |\text{sinc}(x)| \) after the main lobe is at \( x \approx 4.493 \) (i.e., about 1.43 × π).

But for 90 dB, we need a much smaller magnitude. This happens further out—far into the side lobes.

A well-known result in signal processing is that the 90-dB bandwidth of a rectangular pulse is approximately:

\[
f_{90} \approx \frac{4.7}{T}
\]

✅ This is a standard approximation derived from solving \( |\text{sinc}(x)| = 10^{-4.5} \) numerically.

Thus, the 90-dB bandwidth is:

\[
\boxed{\frac{4.7}{T}}
\]

This means the bandwidth in Hz (or rad/s depending on convention) is approximately \( 4.7 / T \).",0.027,0.0,0.02162045
"If the bit rate is 200 Mbps and the modulation is BPSK, what is the null-to-null bandwidth (in MHz)?","For Binary Phase Shift Keying (BPSK), the null-to-null bandwidth is approximately equal to the bit rate.

This is because BPSK transmits one bit per symbol, so the symbol rate (baud rate) equals the bit rate. The null-to-null bandwidth of a BPSK signal is typically:

\[
\text{Null-to-null bandwidth} \approx \text{Bit rate}
\]

Given:
- Bit rate = 200 Mbps

Therefore:

\[
\text{Null-to-null bandwidth} = 200 \text{ MHz}
\]

✅ Answer: **200 MHz**",400.0,0.0,0.050387149999999985
A source emits symbols from an alphabet of size 2097152 with equal probability. What is the entropy per symbol (in bits)?,"To calculate the entropy per symbol when each symbol is equally probable, we use the formula for entropy:

\[
H = \log_2(N)
\]

where:
- \( N \) is the number of symbols in the alphabet,
- \( H \) is the entropy in bits per symbol.

Given:
- \( N = 2097152 \)

So,

\[
H = \log_2(2097152)
\]

Let’s compute this:

First, note that:
\[
2^{21} = 2097152
\]

Because:
- \( 2^{10} = 1024 \)
- \( 2^{20} = (2^{10})^2 = 1024^2 = 1048576 \)
- \( 2^{21} = 2 \times 1048576 = 2097152 \)

Therefore:

\[
\log_2(2097152) = 21
\]

✅ Final Answer:
\[
\boxed{21} \text{ bits per symbol}
\]",21.0,1.0,0.052859749999999976
"In a digital system, the noise power is 10^{-16} W and signal power is 10^{-13} W. What is SNR in dB?","To calculate the Signal-to-Noise Ratio (SNR) in decibels (dB), use the formula:

\[
\text{SNR (dB)} = 10 \log_{10} \left( \frac{\text{Signal Power}}{\text{Noise Power}} \right)
\]

Given:
- Signal Power = \( 10^{-13} \) W
- Noise Power = \( 10^{-16} \) W

Substitute into the formula:

\[
\text{SNR (dB)} = 10 \log_{10} \left( \frac{10^{-13}}{10^{-16}} \right)
= 10 \log_{10} \left( 10^{3} \right)
= 10 \times 3
= 30 \, \text{dB}
\]

✅ Final Answer: **30 dB**",30.0,1.0,0.054579599999999964
"For a matched filter, if the input signal energy is 20 μJ and noise PSD N0=2×10^{-11} W/Hz, what is the output SNR (linear)?","To calculate the output Signal-to-Noise Ratio (SNR) for a matched filter, we use the following formula:

\[
\text{SNR}_{\text{out}} = \frac{2E}{N_0}
\]

Where:
- \( E \) is the energy of the input signal,
- \( N_0 \) is the noise power spectral density (PSD),
- The factor of 2 comes from the matched filter’s optimal performance in maximizing SNR at the sampling instant.

Given:
- \( E = 20 \, \mu\text{J} = 20 \times 10^{-6} \, \text{J} \)
- \( N_0 = 2 \times 10^{-11} \, \text{W/Hz} \)

Now plug into the formula:

\[
\text{SNR}_{\text{out}} = \frac{2 \times (20 \times 10^{-6})}{2 \times 10^{-11}}
\]

Simplify numerator and denominator:

\[
= \frac{40 \times 10^{-6}}{2 \times 10^{-11}} = \frac{40}{2} \times \frac{10^{-6}}{10^{-11}} = 20 \times 10^{5} = 2 \times 10^{6}
\]

✅ Final Answer:
\[
\text{Output SNR (linear)} = 2 \times 10^6
\]",2000000.0,0.0,0.05635804999999996
"If the sampling rate is 150 kHz, what is the maximum analog frequency (in kHz) that can be represented?","According to the **Nyquist-Shannon sampling theorem**, the maximum analog frequency that can be accurately represented without aliasing is **half the sampling rate**.

Given:
- Sampling rate = 150 kHz

Maximum analog frequency =  
\[
\frac{150\ \text{kHz}}{2} = 75\ \text{kHz}
\]

✅ Answer: **75 kHz**",75.0,0.5,0.05313164999999998
"A binary symmetric channel has crossover probability 0.499. If the input symbols are equally likely, what is the probability of receiving a 1?","We are given:

- A binary symmetric channel (BSC) with crossover probability \( p = 0.499 \).
- Input symbols are equally likely: \( P(X = 0) = P(X = 1) = 0.5 \).

We are asked to find the probability of receiving a 1, i.e., \( P(Y = 1) \).

---

### Step-by-step Solution:

The output \( Y \) depends on the input \( X \) and the channel behavior.

Using the law of total probability:

\[
P(Y = 1) = P(Y = 1 | X = 0)P(X = 0) + P(Y = 1 | X = 1)P(X = 1)
\]

From the BSC model:
- \( P(Y = 1 | X = 0) = p = 0.499 \) (crossover: 0 becomes 1)
- \( P(Y = 1 | X = 1) = 1 - p = 1 - 0.499 = 0.501 \) (no error: 1 stays 1)

Plug in the values:

\[
P(Y = 1) = (0.499)(0.5) + (0.501)(0.5)
\]

\[
= 0.5 \times (0.499 + 0.501) = 0.5 \times 1.0 = 0.5
\]

---

### Final Answer:
\[
\boxed{0.5}
\]

Even though the crossover probability is very close to 0.5, because the input is symmetric (equally likely), the output is also equally likely — so the probability of receiving a 1 is exactly 0.5.",0.5,1.0,0.057160249999999954
"For QPSK, if the symbol energy is 100 μJ, what is the energy per bit (in μJ)?","In QPSK (Quadrature Phase Shift Keying), each symbol represents 2 bits.

Given:
- Symbol energy \( E_s = 100 \, \mu\text{J} \)

Since each symbol carries 2 bits, the energy per bit \( E_b \) is:

\[
E_b = \frac{E_s}{\log_2(M)}
\]

For QPSK, \( M = 4 \), so \( \log_2(4) = 2 \).

\[
E_b = \frac{100 \, \mu\text{J}}{2} = 50 \, \mu\text{J}
\]

✅ Answer: **50 μJ**",50.0,1.0,0.05385289999999998
"In a (7,4) Hamming code, what is the code rate?","In a (7,4) Hamming code:

- **n = 7** is the total number of bits in each codeword (including parity bits).
- **k = 4** is the number of information bits.

The **code rate** \( R \) is defined as:

\[
R = \frac{k}{n}
\]

Substituting the values:

\[
R = \frac{4}{7}
\]

So, the code rate of a (7,4) Hamming code is:

**4/7** or approximately **0.571**.",0.571,1.0,0.05350764999999998
"For a uniform quantizer with 32 bits, what is the SQNR (in dB) for a full-scale sinusoid?","To calculate the Signal-to-Quantization Noise Ratio (SQNR) for a uniform quantizer with 32 bits and a full-scale sinusoid, we use the standard formula for a full-scale sinusoidal signal:

\[
\text{SQNR (dB)} = 6.02 \times b + 1.76
\]

where:
- \( b \) is the number of bits.

For a 32-bit uniform quantizer:

\[
\text{SQNR} = 6.02 \times 32 + 1.76 = 192.64 + 1.76 = 194.4 \, \text{dB}
\]

✅ Final Answer:
**194.4 dB**",194.4,1.0,0.05375809999999998
A channel has bandwidth 30 MHz and SNR 35 dB. What is the Shannon capacity (in Mbps)?,"To calculate the **Shannon capacity** of a communication channel, we use Shannon's formula:

\[
C = B \log_2(1 + \text{SNR})
\]

Where:
- \( C \) = channel capacity in bits per second (bps)
- \( B \) = bandwidth in Hz
- SNR = signal-to-noise ratio (linear, not in dB)

---

### Given:
- Bandwidth \( B = 30 \, \text{MHz} = 30 \times 10^6 \, \text{Hz} \)
- SNR = 35 dB

First, convert SNR from decibels to a linear scale:

\[
\text{SNR}_{\text{linear}} = 10^{\frac{\text{SNR}_{\text{dB}}}{10}} = 10^{\frac{35}{10}} = 10^{3.5} = 3162.28
\]

Now apply Shannon’s formula:

\[
C = 30 \times 10^6 \times \log_2(1 + 3162.28)
\]

Since 3162.28 >> 1, we can approximate \( 1 + 3162.28 \approx 3162.28 \):

\[
C \approx 30 \times 10^6 \times \log_2(3162.28)
\]

Use change of base formula:

\[
\log_2(3162.28) = \frac{\log_{10}(3162.28)}{\log_{10}(2)} \approx \frac{3.5}{0.3010} \approx 11.628
\]

So:

\[
C \approx 30 \times 10^6 \times 11.628 = 348.84 \times 10^6 \, \text{bps}
\]

Convert to Mbps:

\[
C \approx 348.84 \, \text{Mbps}
\]

---

### ✅ Final Answer:
**348.84 Mbps**",349.0,0.5,0.05788334999999996
"For BPSK, if the bit duration is 0.001 μs, what is the null-to-null bandwidth (in MHz)?","For BPSK (Binary Phase Shift Keying), the null-to-null bandwidth is determined by the bit rate and the modulation scheme.

Given:
- Bit duration \( T_b = 0.001 \) μs = \( 1 \times 10^{-9} \) seconds

First, calculate the bit rate:
\[
R_b = \frac{1}{T_b} = \frac{1}{1 \times 10^{-9}} = 1 \times 10^9 \text{ bits per second} = 1 \text{ Gbps}
\]

For BPSK, the null-to-null bandwidth of the baseband signal is:
\[
B_{\text{null-null}} = 2 R_b
\]
This is because the first nulls in the spectrum occur at ±\( R_b \), so the total bandwidth from null to null is \( 2 R_b \).

So:
\[
B_{\text{null-null}} = 2 \times 1 \text{ GHz} = 2 \text{ GHz}
\]

But note: This is for the **baseband** signal. In practice, when BPSK is used in passband (i.e., modulated onto a carrier), the null-to-null bandwidth remains the same — it's still \( 2 R_b \), because the carrier doesn’t change the bandwidth of the modulated signal; it just shifts it in frequency.

Therefore, the null-to-null bandwidth is:

\[
\boxed{2} \text{ MHz? Wait! Let’s double-check units.}
\]

Hold on! The bit duration is extremely short:
- \( T_b = 0.001 \, \mu\text{s} = 1 \times 10^{-3} \times 10^{-6} = 1 \times 10^{-9} \) s → yes, that's correct.
- So \( R_b = 1 \text{ Gbps} \)

Then:
- Null-to-null bandwidth = \( 2 \times 1 \text{ GHz} = 2 \text{ GHz} \)

But the question asks for the answer in MHz.

So convert:
\[
2 \text{ GHz} = 2000 \text{ MHz}
\]

✅ Final Answer:
\[
\boxed{2000} \text{ MHz}
\]",2000.0,0.5,0.05905544999999996
"In a binary system, if the bit error probability is 0.000001, what is the probability that a 1000-bit word has exactly one error?","We are given:

- Bit error probability: \( p = 0.000001 = 10^{-6} \)
- Word length: \( n = 1000 \) bits
- We want the probability of **exactly one error** in the 1000-bit word.

This is a classic binomial probability problem.

### Binomial Probability Formula:
The probability of exactly \( k \) errors in \( n \) bits is:

\[
P(k) = \binom{n}{k} p^k (1 - p)^{n - k}
\]

For \( k = 1 \):

\[
P(1) = \binom{1000}{1} p^1 (1 - p)^{999}
\]

Now compute each part:

1. \( \binom{1000}{1} = 1000 \)
2. \( p = 10^{-6} \)
3. \( (1 - p)^{999} \approx e^{-p \cdot 999} \) (using the approximation \( (1 - p)^n \approx e^{-np} \) for small \( p \))

First, approximate \( (1 - p)^{999} \):

\[
(1 - p)^{999} \approx e^{-999 \times 10^{-6}} = e^{-0.000999}
\]

Since \( e^{-x} \approx 1 - x \) for small \( x \), but we’ll use a more precise value:

\[
e^{-0.000999} \approx 1 - 0.000999 + \frac{(0.000999)^2}{2} \approx 0.999001
\]

(Alternatively, just use calculator-style: \( e^{-0.000999} \approx 0.999001 \))

Now plug into the formula:

\[
P(1) = 1000 \times 10^{-6} \times 0.999001 = 10^{-3} \times 0.999001 = 0.000999001
\]

### Final Answer:
\[
\boxed{0.000999}
\]

So, the probability that a 1000-bit word has exactly one error is approximately **0.000999**, or about **0.0999%**.",0.001,0.0,0.06070764999999996
A PCM system samples at 192 kHz and uses 32 bits per sample. What is the data rate (in Mbps)?,"To calculate the data rate of a PCM (Pulse Code Modulation) system:

**Data Rate = Sampling Frequency × Bits per Sample**

Given:
- Sampling frequency = 192 kHz = 192,000 samples/second  
- Bits per sample = 32 bits

So,

**Data Rate = 192,000 samples/sec × 32 bits/sample = 6,144,000 bits/sec**

Convert to Mbps (megabits per second):

6,144,000 bits/sec = **6.144 Mbps**

✅ Final Answer: **6.144 Mbps**",6.144,0.5,0.05434134999999997
"For a raised-cosine filter with α=0.9, what is the absolute bandwidth if the symbol rate is 200 MBaud?","To calculate the absolute bandwidth of a raised-cosine filter, we use the formula:

\[
B = \frac{R_s}{2} (1 + \alpha)
\]

Where:
- \( B \) = absolute bandwidth (in Hz)
- \( R_s \) = symbol rate (in baud)
- \( \alpha \) = roll-off factor (0 ≤ α ≤ 1)

Given:
- \( R_s = 200 \) MBaud = \( 200 \times 10^6 \) baud
- \( \alpha = 0.9 \)

Substitute into the formula:

\[
B = \frac{200 \times 10^6}{2} (1 + 0.9) = 100 \times 10^6 \times 1.9 = 190 \times 10^6 \, \text{Hz}
\]

So, the absolute bandwidth is:

**190 MHz** ✅",190.0,0.5,0.05661779999999996
"If the modulation index of FM is 20 and the modulating frequency is 10 kHz, what is the frequency deviation (in kHz)?","In Frequency Modulation (FM), the modulation index (β) is defined as:

\[
\beta = \frac{\Delta f}{f_m}
\]

Where:
- \( \beta \) = modulation index
- \( \Delta f \) = frequency deviation (in kHz or Hz)
- \( f_m \) = modulating frequency (in kHz or Hz)

Given:
- \( \beta = 20 \)
- \( f_m = 10 \, \text{kHz} \)

Rearranging the formula to solve for frequency deviation:

\[
\Delta f = \beta \times f_m = 20 \times 10 \, \text{kHz} = 200 \, \text{kHz}
\]

**Answer:**  
The frequency deviation is **200 kHz**.",200.0,0.5,0.057267149999999954
"In a digital communication system, the symbol rate is 50 MBaud and the bandwidth is 40 MHz. What is the spectral efficiency (in bps/Hz)?","To calculate the **spectral efficiency** in bits per second per Hertz (bps/Hz), we use the formula:

\[
\text{Spectral Efficiency} = \frac{\text{Bit Rate}}{\text{Bandwidth}}
\]

However, in this problem, we are given the **symbol rate** (also called baud rate), not the bit rate directly. To proceed, we need to know how many bits are represented per symbol — that is, the number of bits per symbol, often denoted as \( \log_2(M) \), where \( M \) is the number of symbols in the modulation scheme (e.g., 4-QAM, 16-QAM, etc.).

But here's the key point:  
The problem does **not specify the modulation scheme**, so we can’t determine the exact bit rate unless we assume a common case.

### Common Assumption:
If no modulation is specified, it's standard to assume **binary modulation** (i.e., 2-level signaling like BPSK), where each symbol carries **1 bit**.

So, under this assumption:
- Symbol rate = 50 MBaud = 50 × 10⁶ symbols/second
- Since each symbol = 1 bit → Bit rate = 50 Mbps
- Bandwidth = 40 MHz

Now compute spectral efficiency:

\[
\text{Spectral Efficiency} = \frac{50 \times 10^6 \text{ bps}}{40 \times 10^6 \text{ Hz}} = \frac{50}{40} = 1.25 \text{ bps/Hz}
\]

✅ **Answer:** **1.25 bps/Hz**

> Note: If a higher-order modulation (e.g., 16-QAM, 64-QAM) were used, the spectral efficiency would be higher. For example, with 16-QAM (4 bits/symbol), it would be 50 × 4 / 40 = 5 bps/Hz. But since the problem doesn't specify, the default assumption is 1 bit/symbol.",1.25,0.0,0.061902699999999956
"For a Gaussian distribution with mean 0 and variance 0.01, what is the probability that the value is less than -0.1?","We are given a Gaussian (normal) distribution with:

- Mean μ = 0  
- Variance σ² = 0.01 → Standard deviation σ = √0.01 = 0.1

We want to find the probability that a value X is less than -0.1:

$$
P(X < -0.1)
$$

### Step 1: Standardize the variable
Convert to a standard normal variable Z using the formula:

$$
Z = \frac{X - \mu}{\sigma} = \frac{-0.1 - 0}{0.1} = -1
$$

So:

$$
P(X < -0.1) = P(Z < -1)
$$

### Step 2: Use standard normal table or known values
From the standard normal distribution:

- $ P(Z < -1) = \Phi(-1) $

Using symmetry of the normal distribution:

$$
\Phi(-1) = 1 - \Phi(1)
$$

From standard tables:
- $ \Phi(1) \approx 0.8413 $

So:

$$
P(Z < -1) = 1 - 0.8413 = 0.1587
$$

### ✅ Final Answer:
**0.1587** (or about 15.87%)",0.1587,0.0,0.05870044999999997
"A binary source emits symbols with probabilities P(0)=0.9999, P(1)=0.0001. What is the entropy (in bits per symbol)?","To calculate the entropy \( H \) of a binary source, we use the formula:

\[
H = -\sum_{i} p_i \log_2(p_i)
\]

For this binary source:
- \( p(0) = 0.9999 \)
- \( p(1) = 0.0001 \)

So the entropy is:

\[
H = -[p(0) \log_2 p(0) + p(1) \log_2 p(1)]
\]

Plug in the values:

\[
H = -[0.9999 \log_2(0.9999) + 0.0001 \log_2(0.0001)]
\]

We compute each term:

1. \( \log_2(0.9999) \approx \frac{\ln(0.9999)}{\ln(2)} \approx \frac{-0.000100005}{0.693147} \approx -0.0001443 \)

   So:  
   \( 0.9999 \log_2(0.9999) \approx 0.9999 \times (-0.0001443) \approx -0.00014428 \)

2. \( \log_2(0.0001) = \log_2(10^{-4}) = -4 \log_2(10) \approx -4 \times 3.32193 = -13.2877 \)

   So:  
   \( 0.0001 \log_2(0.0001) = 0.0001 \times (-13.2877) = -0.00132877 \)

Now add both terms:

\[
H = -[ -0.00014428 - 0.00132877 ] = 0.00147305
\]

**Answer:**  
The entropy is approximately **0.00147 bits per symbol**.

This very low entropy reflects the highly predictable nature of the source — it almost always outputs 0, so there’s very little uncertainty or information per symbol.",0.00147,0.0,0.06162869999999995
"In QPSK, if the bit energy is 0.005 μJ, what is the symbol energy (in μJ)?","In QPSK (Quadrature Phase Shift Keying), each symbol represents **2 bits**.

Given:
- Bit energy \( E_b = 0.005 \, \mu\text{J} \)

Since each symbol carries 2 bits, the symbol energy \( E_s \) is:

\[
E_s = 2 \times E_b = 2 \times 0.005 = 0.01 \, \mu\text{J}
\]

✅ Final Answer: **0.01 μJ**",0.01,1.0,0.05758649999999996
"For a (31,26) Hamming code, what is the minimum Hamming distance?","For a (31,26) Hamming code, the minimum Hamming distance is **3**.

### Explanation:
- A Hamming code is a linear error-correcting code designed to detect and correct single-bit errors.
- The general form of a Hamming code is (n, k), where:
  - n = total number of bits in each codeword
  - k = number of information bits
- For a Hamming code, the relationship between n and k is:  
  \( n = 2^r - 1 \) and \( k = n - r \), where r is the number of parity bits.
  
For this case:
- n = 31 → so \( 2^r - 1 = 31 \) ⇒ \( 2^r = 32 \) ⇒ r = 5
- Then k = 31 - 5 = 26 ✅

This matches the given (31,26) code.

A key property of Hamming codes is that they have a **minimum Hamming distance of 3**, which means:
- They can detect up to 2 errors
- They can correct 1 error

✅ So, the answer is **3**.",3.0,1.0,0.058524499999999965
"If the SNR at the input of a quantizer is 45 dB and the SQNR is 55 dB, what is the processing gain (in dB)?","The **processing gain** (PG) of a quantizer is defined as the difference between the Signal-to-Quantization-Noise Ratio (SQNR) and the Signal-to-Noise Ratio (SNR) at the input:

\[
\text{Processing Gain (dB)} = \text{SQNR (dB)} - \text{SNR (dB)}
\]

Given:
- SNR (input) = 45 dB
- SQNR = 55 dB

So,

\[
\text{PG} = 55 \, \text{dB} - 45 \, \text{dB} = 10 \, \text{dB}
\]

✅ The processing gain is **10 dB**.",10.0,1.0,0.05920684999999996
"For a sinusoidal modulating signal, what is the modulation index if the carrier amplitude is 200 V and the sideband amplitude is 80 V?","To find the modulation index (m) for a sinusoidal modulating signal, we use the relationship between the sideband amplitude and the carrier amplitude.

For amplitude modulation (AM), the sideband amplitudes are given by:

\[
A_{\text{sideband}} = \frac{m \cdot A_c}{2}
\]

Where:
- \( A_{\text{sideband}} \) = amplitude of each sideband
- \( m \) = modulation index (a dimensionless number between 0 and 1)
- \( A_c \) = carrier amplitude

Given:
- \( A_c = 200 \, \text{V} \)
- \( A_{\text{sideband}} = 80 \, \text{V} \)

Substitute into the formula:

\[
80 = \frac{m \cdot 200}{2}
\]

Simplify:

\[
80 = 100m
\]

Solve for \( m \):

\[
m = \frac{80}{100} = 0.8
\]

✅ Answer: The modulation index is **0.8**.",0.8,1.0,0.06090939999999996
"In a binary symmetric channel, if the crossover probability is 0.46, what is the channel capacity (in bits per use)?","The channel capacity \( C \) of a binary symmetric channel (BSC) with crossover probability \( p \) is given by:

\[
C = 1 - H(p)
\]

where \( H(p) \) is the binary entropy function:

\[
H(p) = -p \log_2 p - (1 - p) \log_2 (1 - p)
\]

Given:
\[
p = 0.46
\]

First, compute \( H(0.46) \):

\[
H(0.46) = -0.46 \log_2 0.46 - 0.54 \log_2 0.54
\]

We compute each term:

- \( \log_2 0.46 = \frac{\ln 0.46}{\ln 2} \approx \frac{-0.7765}{0.6931} \approx -1.120 \)
- So, \( -0.46 \log_2 0.46 \approx -0.46 \times (-1.120) = 0.515 \)

- \( \log_2 0.54 = \frac{\ln 0.54}{\ln 2} \approx \frac{-0.6161}{0.6931} \approx -0.889 \)
- So, \( -0.54 \log_2 0.54 \approx -0.54 \times (-0.889) = 0.480 \)

Now add them:

\[
H(0.46) \approx 0.515 + 0.480 = 0.995 \text{ bits}
\]

Then,

\[
C = 1 - H(0.46) \approx 1 - 0.995 = 0.005 \text{ bits per use}
\]

✅ Final Answer:
\[
\boxed{0.005} \text{ bits per use}
\]",0.029,0.0,0.06436044999999997
A signal has bandwidth 70 kHz and is sampled at 180 kHz. What is the Nyquist rate (in kHz)?,"The **Nyquist rate** is the minimum sampling rate required to avoid aliasing, and it is defined as:

\[
f_{\text{Nyquist}} = 2 \times f_{\text{max}}
\]

where \( f_{\text{max}} \) is the highest frequency component in the signal.

Given:
- The signal has a **bandwidth of 70 kHz**, which typically means the highest frequency is 70 kHz (assuming the signal starts from 0 Hz).
- So, \( f_{\text{max}} = 70 \) kHz

Therefore:

\[
f_{\text{Nyquist}} = 2 \times 70 = 140 \text{ kHz}
\]

✅ The Nyquist rate is **140 kHz**.

Note: The signal is sampled at 180 kHz, which is above the Nyquist rate (140 kHz), so no aliasing will occur — this is a valid sampling rate.",140.0,0.5,0.06122134999999996
"For BPSK, if the required Eb/N0 for BER=10^-25 is 26 dB, what is the linear γ?","To find the linear value of γ (which typically represents the SNR per bit, i.e., \( \frac{E_b}{N_0} \)) from a given dB value:

Given:
- Required \( \frac{E_b}{N_0} = 26 \) dB for BER = \( 10^{-25} \)

The conversion from dB to linear scale is:

\[
\gamma_{\text{linear}} = 10^{\frac{\text{dB}}{10}}
\]

So:

\[
\gamma_{\text{linear}} = 10^{\frac{26}{10}} = 10^{2.6}
\]

Now calculate \( 10^{2.6} \):

\[
10^{2.6} = 10^2 \times 10^{0.6} = 100 \times 10^{0.6}
\]

We know that \( 10^{0.6} \approx 3.981 \), so:

\[
\gamma_{\text{linear}} \approx 100 \times 3.981 = 398.1
\]

✅ Final Answer:
\[
\gamma = 398.1
\]",398.1,1.0,0.06259289999999997
"In a PCM system, if the signal is quantized into 32768 levels, how many bits per sample are needed?","In a PCM (Pulse Code Modulation) system, the number of bits per sample is determined by the number of quantization levels.

The relationship is:

\[
\text{Number of levels} = 2^n
\]

where \( n \) is the number of bits per sample.

Given:
\[
2^n = 32768
\]

We solve for \( n \):

\[
n = \log_2(32768)
\]

Since \( 32768 = 2^{15} \), we have:

\[
n = 15
\]

✅ Therefore, **15 bits per sample** are needed.",15.0,1.0,0.061309549999999956
"For a rectangular pulse of duration T, what is the energy spectral density at f=4/T?","For a rectangular pulse of duration T, the energy spectral density (ESD) is given by the squared magnitude of its Fourier transform.

### Step 1: Define the Rectangular Pulse
Let the rectangular pulse be:

\[
x(t) = 
\begin{cases}
1, & |t| \leq T/2 \\
0, & \text{otherwise}
\end{cases}
\]

This is a normalized rectangular pulse with amplitude 1 and width T.

### Step 2: Fourier Transform of the Rectangular Pulse
The Fourier transform of \( x(t) \) is:

\[
X(f) = T \cdot \text{sinc}(fT)
\]

where \( \text{sinc}(fT) = \frac{\sin(\pi f T)}{\pi f T} \), using the normalized sinc function (sinc(x) = sin(πx)/(πx)).

### Step 3: Energy Spectral Density
The energy spectral density is:

\[
S_{xx}(f) = |X(f)|^2 = \left| T \cdot \text{sinc}(fT) \right|^2 = T^2 \cdot \text{sinc}^2(fT)
\]

### Step 4: Evaluate at \( f = 4/T \)

Substitute \( f = \frac{4}{T} \):

\[
S_{xx}\left(\frac{4}{T}\right) = T^2 \cdot \text{sinc}^2\left(\frac{4}{T} \cdot T\right) = T^2 \cdot \text{sinc}^2(4)
\]

Now compute \( \text{sinc}(4) \):

\[
\text{sinc}(4) = \frac{\sin(\pi \cdot 4)}{\pi \cdot 4} = \frac{\sin(4\pi)}{4\pi} = \frac{0}{4\pi} = 0
\]

So,

\[
S_{xx}\left(\frac{4}{T}\right) = T^2 \cdot 0^2 = 0
\]

### ✅ Final Answer:
**0**

The energy spectral density at \( f = 4/T \) is **zero** for a rectangular pulse of duration T.",0.0,0.0,0.06583659999999997
"In a digital system, if the bit rate is 2 Gbps and the modulation is 128-QAM, what is the symbol rate (in MBaud)?","To calculate the symbol rate (in MBaud) given a bit rate and modulation scheme, we use the relationship:

\[
\text{Symbol Rate} = \frac{\text{Bit Rate}}{\log_2(M)}
\]

Where:
- Bit Rate = 2 Gbps = 2 × 10⁹ bits per second
- Modulation = 128-QAM ⇒ M = 128

First, compute \( \log_2(128) \):

\[
\log_2(128) = \log_2(2^7) = 7
\]

So,

\[
\text{Symbol Rate} = \frac{2 \times 10^9}{7} \approx 285.714 \times 10^6 \text{ symbols per second}
\]

Which is approximately:

\[
285.714 \text{ MBaud}
\]

✅ Final Answer:  
**285.71 MBaud** (rounded to two decimal places)",285.71,0.0,0.06218834999999996
A source emits symbols from an alphabet of size 4194304 with equal probability. What is the entropy per symbol (in bits)?,"We are given:

- An alphabet of size \( n = 4194304 \)
- Each symbol is emitted with equal probability

We are to compute the **entropy per symbol** in bits.

---

### Step 1: Entropy Formula for Uniform Distribution

For a discrete source with \( n \) equally likely symbols, the entropy \( H \) is:

\[
H = \log_2(n)
\]

This is because each symbol has probability \( p_i = \frac{1}{n} \), and the entropy formula becomes:

\[
H = -\sum_{i=1}^{n} p_i \log_2(p_i) = -\sum_{i=1}^{n} \frac{1}{n} \log_2\left(\frac{1}{n}\right) = \log_2(n)
\]

---

### Step 2: Compute \( \log_2(4194304) \)

Let’s express 4194304 as a power of 2:

We know:
- \( 2^{20} = 1048576 \)
- \( 2^{21} = 2097152 \)
- \( 2^{22} = 4194304 \)

✅ So:

\[
\log_2(4194304) = 22
\]

---

### ✅ Final Answer:

**22 bits per symbol**",22.0,1.0,0.06537709999999997
"For a matched filter, if the input SNR is -25 dB and the processing gain is 45 dB, what is the output SNR (in dB)?","To calculate the output SNR for a matched filter, you use the relationship:

\[
\text{Output SNR (dB)} = \text{Input SNR (dB)} + \text{Processing Gain (dB)}
\]

Given:
- Input SNR = -25 dB  
- Processing Gain = 45 dB

So,

\[
\text{Output SNR} = -25 \, \text{dB} + 45 \, \text{dB} = 20 \, \text{dB}
\]

✅ **Answer: 20 dB**",20.0,1.0,0.06205119999999996
"In an AM system, if the modulation index is 0.4 and the carrier power is 80 W, what is the sideband power (in W)?","In an AM (Amplitude Modulation) system, the total power is the sum of the carrier power and the sideband power.

The formula for the total power \( P_{\text{total}} \) in an AM wave is:

\[
P_{\text{total}} = P_c \left(1 + \frac{m^2}{2}\right)
\]

Where:
- \( P_c \) = Carrier power
- \( m \) = Modulation index

The **sideband power** \( P_{\text{sb}} \) is the portion of the total power that is not the carrier power. It is given by:

\[
P_{\text{sb}} = P_c \cdot \frac{m^2}{2}
\]

Given:
- \( P_c = 80 \, \text{W} \)
- \( m = 0.4 \)

Substitute into the formula:

\[
P_{\text{sb}} = 80 \cdot \frac{(0.4)^2}{2} = 80 \cdot \frac{0.16}{2} = 80 \cdot 0.08 = 6.4 \, \text{W}
\]

✅ **Answer: 6.4 W**",6.4,1.0,0.06554299999999996
"For a binary symmetric channel with ε=0.43, what is the probability of receiving a 0 if a 1 was sent?","In a binary symmetric channel (BSC), the probability of receiving a bit that is different from the one sent is denoted by ε, the error probability.

Given:
- ε = 0.43 (probability of error)
- A 1 was sent

We are asked: What is the probability of receiving a 0 if a 1 was sent?

This is exactly the definition of the error probability in a BSC:

**P(receive 0 | send 1) = ε = 0.43**

✅ Answer: **0.43**",0.43,1.0,0.01334114999999999
A channel has bandwidth 10000 kHz and SNR 50 dB. What is the Shannon capacity (in Mbps)?,"To calculate the **Shannon capacity**, we use the formula:

\[
C = B \log_2(1 + \text{SNR})
\]

Where:
- \( C \) = channel capacity in bits per second (bps)
- \( B \) = bandwidth in Hz
- SNR = signal-to-noise ratio (as a linear value, not in dB)

---

### Step 1: Convert bandwidth to Hz
Given:
- Bandwidth = 10,000 kHz = 10,000 × 10³ Hz = **10⁷ Hz**

---

### Step 2: Convert SNR from dB to linear scale
Given:
- SNR = 50 dB

Use the formula:
\[
\text{SNR}_{\text{linear}} = 10^{\frac{\text{SNR}_{\text{dB}}}{10}} = 10^{\frac{50}{10}} = 10^5 = 100,000
\]

---

### Step 3: Plug into Shannon’s formula
\[
C = 10^7 \times \log_2(1 + 100,000) = 10^7 \times \log_2(100,001)
\]

Since 100,001 ≈ 100,000, and \(\log_2(100,000)\) is close enough for practical purposes:

First, compute \(\log_2(100,000)\):
\[
\log_2(100,000) = \frac{\log_{10}(100,000)}{\log_{10}(2)} = \frac{5}{0.3010} \approx 16.61
\]

So:
\[
C \approx 10^7 \times 16.61 = 166,100,000 \text{ bps} = 166.1 \text{ Mbps}
\]

---

### ✅ Final Answer:
**166.1 Mbps**",166.1,0.0,0.016985099999999996
"For a uniform quantizer with L=16384 levels and full-scale range 64 V, what is the step size Δ (in mV)?","To find the step size Δ of a uniform quantizer, we use the formula:

\[
\Delta = \frac{\text{Full-scale range}}{L}
\]

Given:
- Full-scale range = 64 V
- Number of levels \( L = 16384 \)

So,

\[
\Delta = \frac{64}{16384} \text{ V}
\]

First, compute the value in volts:

\[
\Delta = \frac{64}{16384} = 0.00390625 \text{ V}
\]

Now convert to millivolts (mV):

\[
0.00390625 \text{ V} = 3.90625 \text{ mV}
\]

✅ Final Answer:
**3.90625 mV**",3.91,1.0,0.014548249999999993
"In a QPSK system, if the symbol duration is 1000 μs, what is the bit duration (in μs)?","In a QPSK (Quadrature Phase Shift Keying) system:

- Each symbol represents **2 bits** (since QPSK uses 4 phases, and log₂(4) = 2).
- The symbol duration is given as **1000 μs**.

Since one symbol carries 2 bits, the bit duration is:

\[
\text{Bit duration} = \frac{\text{Symbol duration}}{\text{Bits per symbol}} = \frac{1000\ \mu s}{2} = 500\ \mu s
\]

✅ Answer: **500 μs**",500.0,0.5,0.014430949999999993
"A (n,k) code has n=4095 and k=4083. What is the number of parity bits?","In a (n, k) linear block code:

- **n** is the total number of bits in each codeword (block length),
- **k** is the number of information bits,
- The number of **parity bits** is:  
  **n − k**

Given:
- n = 4095
- k = 4083

So, the number of parity bits is:

**4095 − 4083 = 12**

✅ Answer: **12 parity bits**",12.0,1.0,0.013677049999999991
"For a sinusoidal modulating signal, what is the modulation index if the peak amplitude of the modulating signal is 25 V and the carrier amplitude is 125 V?","The modulation index (m) for amplitude modulation (AM) is defined as the ratio of the peak amplitude of the modulating signal (Aₘ) to the peak amplitude of the carrier signal (A_c):

\[
m = \frac{A_m}{A_c}
\]

Given:
- Peak amplitude of the modulating signal, \( A_m = 25 \, \text{V} \)
- Peak amplitude of the carrier signal, \( A_c = 125 \, \text{V} \)

Substitute the values:

\[
m = \frac{25}{125} = 0.2
\]

So, the modulation index is **0.2** (or 20%).",0.2,0.0,0.014642949999999993
"In a digital system, the symbol error rate is 2×10^-12. If the modulation is 512-QAM with Gray coding, what is approximate bit error rate?","To find the approximate bit error rate (BER) from the symbol error rate (SER) for a 512-QAM system with Gray coding, we can use the following approximation:

For M-ary QAM with Gray mapping, the BER is approximately related to the SER by:

\[
\text{BER} \approx \frac{\text{SER}}{\log_2 M}
\]

Given:
- SER = \( 2 \times 10^{-12} \)
- Modulation: 512-QAM → \( M = 512 \)
- \( \log_2 512 = 9 \) (since \( 2^9 = 512 \))

Now plug in the values:

\[
\text{BER} \approx \frac{2 \times 10^{-12}}{9} \approx 2.22 \times 10^{-13}
\]

✅ Final Answer:
\[
\textbf{BER} \approx 2.22 \times 10^{-13}
\]",2.2200000000000004e-13,0.0,0.017124899999999995
"For a raised-cosine filter with α=1.0 and symbol rate 500 MBaud, what is the absolute bandwidth (in MHz)?","To calculate the absolute bandwidth of a raised-cosine filter, we use the formula:

\[
B = \frac{R_s}{2} (1 + \alpha)
\]

Where:
- \( B \) is the absolute bandwidth (in Hz),
- \( R_s \) is the symbol rate (in symbols per second, or baud),
- \( \alpha \) is the roll-off factor.

Given:
- \( R_s = 500 \, \text{MBaud} = 500 \times 10^6 \, \text{baud} \),
- \( \alpha = 1.0 \).

Substitute into the formula:

\[
B = \frac{500 \times 10^6}{2} (1 + 1.0) = 250 \times 10^6 \times 2 = 500 \times 10^6 \, \text{Hz}
\]

So, the absolute bandwidth is:

\[
\boxed{500} \text{ MHz}
\]",500.0,0.5,0.016059849999999994
"A source emits symbols with probabilities 0.05, 0.1, 0.15, 0.2, 0.5. What is the entropy (in bits per symbol)?","To calculate the **entropy** of a discrete source, we use the formula:

\[
H = -\sum_{i=1}^{n} p_i \log_2 p_i
\]

where \( p_i \) are the probabilities of the symbols.

Given probabilities:  
\( p_1 = 0.05 \),  
\( p_2 = 0.1 \),  
\( p_3 = 0.15 \),  
\( p_4 = 0.2 \),  
\( p_5 = 0.5 \)

We compute each term \( -p_i \log_2 p_i \):

---

1. \( -0.05 \log_2(0.05) \)  
   \( \log_2(0.05) = \frac{\ln(0.05)}{\ln(2)} \approx \frac{-2.9957}{0.6931} \approx -4.3219 \)  
   So, \( -0.05 \times (-4.3219) = 0.2161 \)

2. \( -0.1 \log_2(0.1) \)  
   \( \log_2(0.1) \approx \frac{-2.3026}{0.6931} \approx -3.3219 \)  
   So, \( -0.1 \times (-3.3219) = 0.3322 \)

3. \( -0.15 \log_2(0.15) \)  
   \( \log_2(0.15) \approx \frac{-1.8971}{0.6931} \approx -2.7378 \)  
   So, \( -0.15 \times (-2.7378) = 0.4107 \)

4. \( -0.2 \log_2(0.2) \)  
   \( \log_2(0.2) \approx \frac{-1.6094}{0.6931} \approx -2.3219 \)  
   So, \( -0.2 \times (-2.3219) = 0.4644 \)

5. \( -0.5 \log_2(0.5) \)  
   \( \log_2(0.5) = -1 \)  
   So, \( -0.5 \times (-1) = 0.5 \)

---

Now sum all the terms:

\[
H = 0.2161 + 0.3322 + 0.4107 + 0.4644 + 0.5 = 1.9234 \text{ bits per symbol}
\]

✅ Final Answer:  
**1.92 bits per symbol** (rounded to two decimal places)",2.032,0.7,0.02067705
"In a PCM system, if the sampling frequency is 44.1 kHz and each sample is represented by 20 bits, what is the bit rate (in Mbps)?","To calculate the bit rate in a Pulse Code Modulation (PCM) system, use the formula:

\[
\text{Bit Rate} = \text{Sampling Frequency} \times \text{Bits per Sample}
\]

Given:
- Sampling frequency = 44.1 kHz = 44,100 samples/second
- Bits per sample = 20 bits

\[
\text{Bit Rate} = 44,100 \, \text{samples/sec} \times 20 \, \text{bits/sample} = 882,000 \, \text{bits/sec}
\]

Convert to Mbps (Megabits per second):

\[
882,000 \, \text{bps} = 0.882 \, \text{Mbps}
\]

✅ Final Answer: **0.882 Mbps**",0.882,0.5,0.016225199999999995
"For a binary symmetric channel, if the error probability is 0.499, what is the channel capacity (in bits per use)?","For a binary symmetric channel (BSC), the channel capacity \( C \) is given by:

\[
C = 1 - H(p)
\]

where:
- \( p \) is the error probability (cross-over probability),
- \( H(p) \) is the binary entropy function:

\[
H(p) = -p \log_2 p - (1 - p) \log_2 (1 - p)
\]

Given:  
\( p = 0.499 \)

Since the BSC is symmetric, and \( p = 0.499 \) is very close to 0.5, we expect the capacity to be very low — because at \( p = 0.5 \), the channel is completely noisy and has zero capacity.

Let’s compute \( H(0.499) \):

We can approximate this numerically:

\[
H(0.499) = -0.499 \log_2(0.499) - 0.501 \log_2(0.501)
\]

First, compute the logs:

- \( \log_2(0.499) = \frac{\ln(0.499)}{\ln(2)} \approx \frac{-0.695}{0.6931} \approx -1.0027 \)
- \( \log_2(0.501) = \frac{\ln(0.501)}{\ln(2)} \approx \frac{-0.691}{0.6931} \approx -0.9969 \)

Now plug in:

\[
H(0.499) \approx -0.499 \times (-1.0027) - 0.501 \times (-0.9969)
= 0.499 \times 1.0027 + 0.501 \times 0.9969
\]

Calculate each term:
- \( 0.499 \times 1.0027 \approx 0.5003 \)
- \( 0.501 \times 0.9969 \approx 0.4994 \)

So:

\[
H(0.499) \approx 0.5003 + 0.4994 = 0.9997
\]

Then:

\[
C = 1 - H(0.499) \approx 1 - 0.9997 = 0.0003 \text{ bits per use}
\]

✅ Final Answer:
**Approximately 0.0003 bits per use**

This makes sense: when the error rate is nearly 0.5, the channel is almost useless — hence, the capacity approaches 0.",0.0009,0.0,0.02223685
What is the bandwidth of a DSB-SC signal if the modulating signal has bandwidth 40 kHz?,"The bandwidth of a DSB-SC (Double Sideband Suppressed Carrier) signal is **twice the bandwidth of the modulating signal**.

Given:
- Bandwidth of the modulating signal = 40 kHz

Therefore, the bandwidth of the DSB-SC signal is:

\[
2 \times 40\ \text{kHz} = 80\ \text{kHz}
\]

✅ **Answer: 80 kHz**",80000.0,1.0,0.016404749999999996
"For a rectangular pulse of width T, what is the 100-dB bandwidth (in terms of 1/T)?","The 100-dB bandwidth refers to the frequency range over which the power spectral density (PSD) of a signal is within 100 dB below its peak value.

For a **rectangular pulse** of width \( T \), the Fourier transform is a sinc function:

\[
X(f) = T \cdot \text{sinc}(\pi f T) = T \cdot \frac{\sin(\pi f T)}{\pi f T}
\]

The magnitude squared (power spectral density) is:

\[
|X(f)|^2 = T^2 \cdot \text{sinc}^2(\pi f T)
\]

The peak occurs at \( f = 0 \), where \( |X(0)|^2 = T^2 \).

We want the frequency \( f_{100} \) such that:

\[
|X(f_{100})|^2 = 10^{-100/10} \cdot |X(0)|^2 = 10^{-10} \cdot T^2
\]

So:

\[
T^2 \cdot \text{sinc}^2(\pi f_{100} T) = 10^{-10} \cdot T^2
\]

Cancel \( T^2 \):

\[
\text{sinc}^2(\pi f_{100} T) = 10^{-10}
\]

Take square root:

\[
|\text{sinc}(\pi f_{100} T)| = 10^{-5}
\]

Since \( \text{sinc}(x) = \frac{\sin x}{x} \), solve:

\[
\left| \frac{\sin(\pi f_{100} T)}{\pi f_{100} T} \right| = 10^{-5}
\]

Let \( x = \pi f_{100} T \). Then:

\[
\left| \frac{\sin x}{x} \right| = 10^{-5}
\]

The first positive solution to \( \frac{\sin x}{x} = 10^{-5} \) occurs when \( x \approx \pi \times \text{(first zero crossing after 0)} \), but since \( 10^{-5} \) is very small, we are looking for the first zero of the sinc function — where \( \sin x = 0 \) and \( x \neq 0 \).

The zeros of \( \text{sinc}(x) \) occur at \( x = n\pi \), \( n = \pm1, \pm2, \dots \)

But we’re not at a zero — we're at the point where \( |\text{sinc}(x)| = 10^{-5} \), which occurs **very close to** the first zero at \( x = \pi \), because \( \text{sinc}(x) \to 0 \) as \( x \to \pi \).

However, more accurately, we can use the approximation near the first zero:

- At \( x = \pi \), \( \text{sinc}(\pi) = 0 \)
- Just before the first zero, \( \text{sinc}(x) \) is approximately linear in the vicinity of \( \pi \)

But a more precise approach: For very small values like \( 10^{-5} \), the solution for \( \frac{\sin x}{x} = \epsilon \) (with small \( \epsilon \)) is approximately:

\[
x \approx \pi - \delta, \quad \text{where } \delta \approx \sqrt{6\epsilon}
\]

This comes from expanding around the first zero using Taylor series. Alternatively, it's known from signal processing literature that for a rectangular pulse, the 100-dB bandwidth corresponds to the first zero-crossing of the sinc function.

Wait — let’s be clearer:

The **first null** (zero) of the sinc function is at:
\[
\pi f T = \pi \Rightarrow f = \frac{1}{T}
\]

At this frequency, \( |X(f)|^2 = 0 \), i.e., 100% power drop → infinite dB attenuation.

But we want where the power drops by 100 dB, i.e., to \( 10^{-10} \) of the peak.

In practice, for rectangular pulses, the 100-dB bandwidth is often approximated as:

\[
f_{100} \approx \frac{1}{T}
\]

Because:

- The first null is at \( f = 1/T \)
- The power drops rapidly from \( 1 \) to \( 0 \) between \( f = 0 \) and \( f = 1/T \)
- At \( f = 1/T \), the power is 0 → 100% drop

But technically, we must find where power is \( 10^{-10} \) times the peak, i.e., \( \text{sinc}^2(x) = 10^{-10} \)

So \( |\text{sinc}(x)| = 10^{-5} \)

The solution to \( \frac{\sin x}{x} = 10^{-5} \) for small \( x \) near the first zero (at \( x = \pi \)) is approximately found numerically.

Actually, a well-known result in communications engineering is that for a rectangular pulse, the **100-dB bandwidth** is approximately:

\[
\Delta f \approx \frac{1}{T}
\]

More precisely, it’s the frequency where the first lobe goes negative — but since the power drops to essentially zero at \( f = 1/T \), and we need only \( 10^{-10} \) of the peak, the answer is:

✅ **Answer: \( \frac{1}{T} \)**

Thus, the 100-dB bandwidth of a rectangular pulse of width \( T \) is approximately:

\[
\boxed{\frac{1}{T}}
\]",0.02,0.0,0.040806149999999985
"If the bit rate is 500 Mbps and the modulation is BPSK, what is the null-to-null bandwidth (in MHz)?","For Binary Phase Shift Keying (BPSK), the null-to-null bandwidth is equal to the bit rate.

This is because BPSK transmits one bit per symbol, so the symbol rate (baud rate) equals the bit rate. The null-to-null bandwidth of a BPSK signal is approximately:

\[
\text{Null-to-null bandwidth} = \text{Bit rate}
\]

Given:
- Bit rate = 500 Mbps

Therefore:

\[
\text{Null-to-null bandwidth} = 500 \text{ MHz}
\]

✅ Answer: **500 MHz**",1000.0,0.0,0.017274399999999995
A source emits symbols from an alphabet of size 8388608 with equal probability. What is the entropy per symbol (in bits)?,"To calculate the entropy per symbol for a source that emits symbols from an alphabet of size \( N = 8388608 \), with each symbol equally probable, we use the formula for entropy:

\[
H = \log_2(N)
\]

Given:
\[
N = 8388608
\]

We compute:
\[
\log_2(8388608)
\]

Note that:
\[
8388608 = 2^{23}
\]
(because \( 2^{20} = 1,048,576 \), and \( 2^{23} = 8 \times 2^{20} = 8,388,608 \))

So:
\[
\log_2(8388608) = \log_2(2^{23}) = 23
\]

✅ Therefore, the entropy per symbol is:

**23 bits**.",23.0,1.0,0.0181903
"In a digital system, the noise power is 10^{-18} W and signal power is 10^{-15} W. What is SNR in dB?","To calculate the Signal-to-Noise Ratio (SNR) in decibels (dB), we use the formula:

\[
\text{SNR (dB)} = 10 \log_{10} \left( \frac{\text{Signal Power}}{\text{Noise Power}} \right)
\]

Given:
- Signal Power = \( 10^{-15} \) W  
- Noise Power = \( 10^{-18} \) W  

Substitute into the formula:

\[
\text{SNR (dB)} = 10 \log_{10} \left( \frac{10^{-15}}{10^{-18}} \right)
= 10 \log_{10} \left( 10^{3} \right)
= 10 \times 3
= 30 \, \text{dB}
\]

✅ Final Answer: **30 dB**",30.0,1.0,0.01805815
"For a matched filter, if the input signal energy is 50 μJ and noise PSD N0=5×10^{-11} W/Hz, what is the output SNR (linear)?","To calculate the output Signal-to-Noise Ratio (SNR) for a matched filter, we use the fundamental formula:

\[
\text{SNR}_{\text{out}} = \frac{2E}{N_0}
\]

Where:
- \( E \) is the energy of the input signal,
- \( N_0 \) is the noise power spectral density (PSD),
- The factor of 2 comes from the matched filter's optimal performance — it doubles the SNR compared to a non-optimal filter for the same signal energy.

Given:
- Signal energy \( E = 50 \, \mu\text{J} = 50 \times 10^{-6} \, \text{J} \)
- Noise PSD \( N_0 = 5 \times 10^{-11} \, \text{W/Hz} \)

Plug into the formula:

\[
\text{SNR}_{\text{out}} = \frac{2 \times 50 \times 10^{-6}}{5 \times 10^{-11}}
= \frac{100 \times 10^{-6}}{5 \times 10^{-11}}
= \frac{10^{-4}}{5 \times 10^{-11}}
= \frac{1}{5} \times 10^{7}
= 2 \times 10^{6}
\]

So, the output SNR (linear) is:

\[
\boxed{2 \times 10^6}
\]

This is a linear (not dB) value. If needed in dB, it would be:

\[
10 \log_{10}(2 \times 10^6) \approx 63 \, \text{dB}
\]",2000000.0,0.0,0.021855199999999998
"If the sampling rate is 200 kHz, what is the maximum analog frequency (in kHz) that can be represented?","According to the **Nyquist-Shannon sampling theorem**, the maximum analog frequency that can be accurately represented without aliasing is **half the sampling rate**.

Given:
- Sampling rate = 200 kHz

Maximum analog frequency =  
\[
\frac{200\ \text{kHz}}{2} = 100\ \text{kHz}
\]

✅ So, the maximum analog frequency that can be represented is **100 kHz**.",100.0,0.5,0.017935299999999998
"A binary symmetric channel has crossover probability 0.5. If the input symbols are equally likely, what is the mutual information I(X;Y)?","We are given:

- A **binary symmetric channel (BSC)** with crossover probability \( p = 0.5 \).
- Input symbols \( X \in \{0, 1\} \) are equally likely: \( P(X=0) = P(X=1) = 0.5 \).

We are to compute the **mutual information** \( I(X;Y) \), which measures the amount of information that the output \( Y \) provides about the input \( X \).

---

### Step 1: Understand the BSC
In a BSC with crossover probability \( p \), the channel transition probabilities are:
- \( P(Y=0|X=0) = 1 - p \)
- \( P(Y=1|X=0) = p \)
- \( P(Y=0|X=1) = p \)
- \( P(Y=1|X=1) = 1 - p \)

With \( p = 0.5 \), this becomes:
- \( P(Y=0|X=0) = 0.5 \)
- \( P(Y=1|X=0) = 0.5 \)
- \( P(Y=0|X=1) = 0.5 \)
- \( P(Y=1|X=1) = 0.5 \)

So, **regardless of the input**, the output is uniformly random: \( Y \sim \text{Bernoulli}(0.5) \).

This means the output \( Y \) gives **no information** about the input \( X \).

---

### Step 2: Compute Mutual Information
The mutual information between \( X \) and \( Y \) is defined as:
\[
I(X;Y) = \sum_{x \in \{0,1\}} \sum_{y \in \{0,1\}} P(x,y) \log_2 \frac{P(x,y)}{P(x)P(y)}
\]

Alternatively, use the formula:
\[
I(X;Y) = H(Y) - H(Y|X)
\]

#### Compute \( H(Y|X) \):
Since given \( X \), \( Y \) is Bernoulli(0.5), independent of \( X \):
\[
H(Y|X) = H(0.5) = -0.5 \log_2 0.5 - 0.5 \log_2 0.5 = 1 \text{ bit}
\]

#### Compute \( H(Y) \):
Because of symmetry and uniform input, the marginal distribution of \( Y \) is also uniform:
- \( P(Y=0) = P(X=0)P(Y=0|X=0) + P(X=1)P(Y=0|X=1) = 0.5 \cdot 0.5 + 0.5 \cdot 0.5 = 0.5 \)
- Similarly, \( P(Y=1) = 0.5 \)

So:
\[
H(Y) = H(0.5) = 1 \text{ bit}
\]

#### Therefore:
\[
I(X;Y) = H(Y) - H(Y|X) = 1 - 1 = 0 \text{ bits}
\]

---

### ✅ Final Answer:
\[
I(X;Y) = 0
\]

This makes sense — when the crossover probability is 0.5, the channel is completely noisy, and no information about the input is retained in the output.",0.0,0.0,0.026140550000000002
"For QPSK, if the symbol energy is 200 μJ, what is the energy per bit (in μJ)?","In QPSK (Quadrature Phase Shift Keying), each symbol represents 2 bits.

Given:
- Symbol energy \( E_s = 200 \, \mu\text{J} \)

Since each symbol carries 2 bits, the energy per bit \( E_b \) is:

\[
E_b = \frac{E_s}{\log_2(M)}
\]

where \( M = 4 \) for QPSK (since 4 phases are used).

\[
E_b = \frac{200 \, \mu\text{J}}{2} = 100 \, \mu\text{J}
\]

✅ Answer: **100 μJ**",100.0,1.0,0.018349749999999998
"In a (15,11) Hamming code, what is the code rate?","The code rate of a block code is given by the ratio:

\[
R = \frac{k}{n}
\]

where:
- \( n \) is the total length of the codeword,
- \( k \) is the number of information bits.

For a (15,11) Hamming code:
- \( n = 15 \)
- \( k = 11 \)

So, the code rate is:

\[
R = \frac{11}{15}
\]

This fraction is already in its simplest form.

✅ **Answer:**  
The code rate is \( \frac{11}{15} \).",0.733,0.0,0.018785899999999998
"For a uniform quantizer with 40 bits, what is the SQNR (in dB) for a full-scale sinusoid?","To calculate the Signal-to-Quantization Noise Ratio (SQNR) for a uniform quantizer with 40 bits, we use the standard formula for a full-scale sinusoidal signal:

\[
\text{SQNR (dB)} = 6.02 \times b + 1.76
\]

where:
- \( b \) is the number of bits,
- 6.02 dB/bit is the theoretical SQNR per bit for a full-scale sinusoid,
- 1.76 dB accounts for the signal power relative to the quantization noise power (for a sinusoid).

Given:
- \( b = 40 \)

Plug in the values:

\[
\text{SQNR} = 6.02 \times 40 + 1.76 = 240.8 + 1.76 = 242.56 \, \text{dB}
\]

✅ Final Answer:
**242.56 dB**",242.56,1.0,0.019900699999999997
A channel has bandwidth 50 MHz and SNR 60 dB. What is the Shannon capacity (in Mbps)?,"To calculate the Shannon capacity, we use the formula:

\[
C = B \log_2(1 + \text{SNR})
\]

Where:
- \( C \) = channel capacity in bits per second (bps)
- \( B \) = bandwidth in Hz
- SNR = signal-to-noise ratio (linear, not in dB)

---

### Step 1: Convert SNR from dB to linear scale

Given SNR = 60 dB:

\[
\text{SNR}_{\text{linear}} = 10^{\frac{60}{10}} = 10^6 = 1,000,000
\]

---

### Step 2: Plug into Shannon's formula

Bandwidth \( B = 50 \) MHz = \( 50 \times 10^6 \) Hz

\[
C = 50 \times 10^6 \times \log_2(1 + 1,000,000)
\]

Since 1 is negligible compared to 1,000,000:

\[
C \approx 50 \times 10^6 \times \log_2(10^6)
\]

Now compute \( \log_2(10^6) \):

\[
\log_2(10^6) = \frac{\log_{10}(10^6)}{\log_{10}(2)} = \frac{6}{0.3010} \approx 19.93
\]

So:

\[
C \approx 50 \times 10^6 \times 19.93 = 996.5 \times 10^6 \text{ bps} = 996.5 \text{ Mbps}
\]

---

### ✅ Final Answer:
**Approximately 996.5 Mbps**",996.6,0.5,0.0230876
